Acc,F1,Brier,NLL,ECE,CP_AUROC,AURC,E-AURC,SAC@90,SAC@91,SAC@92,SAC@93,SAC@94,SAC@95,SAC@96,SAC@97,SAC@98,SAC@99,model_large,model_small,mode,wrapper,uncertainty_type,gflops_large,gflops_small,gflops_balance,split
0.7408,0.7378997161840812,0.0003812460124381896,1.1806512287692248,0.08086291700601578,0.8288849912840307,0.10161588014313983,0.06466114110836052,0.6333,0.5981,0.5726,0.5165,0.4339,0.0706,0.0152,0.014,0.0017,0.0017,ConvNeXt_Base,ConvNeXt_Small,logit_average,DuoWrapper,softmax_response,15.36,8.68,0.5651,ood_test
0.7408,0.7378997161840812,0.0003812460124381896,1.1806512287692248,0.08086291700601578,0.809522712141362,0.11108953478912631,0.074134795754347,0.6024,0.5646,0.5002,0.4329,0.0152,0.0147,0.0136,0.0016,0.0016,0.0016,ConvNeXt_Base,ConvNeXt_Small,logit_average,DuoWrapper,entropy,15.36,8.68,0.5651,ood_test
0.7358,0.733050331399098,0.0003812460124381896,1.1806512287692248,0.08086291700601578,0.8343731654937829,0.1023150070343026,0.0638429832916646,0.6333,0.5981,0.5726,0.5165,0.4339,0.0706,0.0152,0.014,0.0017,0.0017,ConvNeXt_Base,ConvNeXt_Small,dictatorial_avguncertainty,DuoWrapper,softmax_response,15.36,8.68,0.5651,ood_test
0.7358,0.733050331399098,0.0003812460124381896,1.1806512287692248,0.08086291700601578,0.8148998016238409,0.11188234718483796,0.07341032344219994,0.6025,0.5646,0.5002,0.4329,0.0152,0.0147,0.0136,0.0016,0.0016,0.0016,ConvNeXt_Base,ConvNeXt_Small,dictatorial_avguncertainty,DuoWrapper,entropy,15.36,8.68,0.5651,ood_test
0.7358,0.733050331399098,0.00038464723461928115,1.190428622632107,0.09592938423156738,0.836887281353608,0.100868366435868,0.06239634269322999,0.6356,0.6035,0.5708,0.5231,0.4505,0.3084,0.016,0.0147,0.0018,0.0018,ConvNeXt_Base,ConvNeXt_Small,dictatorial_weighteduncertainty,DuoWrapper,softmax_response,15.36,8.68,0.5651,ood_test
0.7358,0.733050331399098,0.00038464723461928115,1.190428622632107,0.09592938423156738,0.8210922406958577,0.10904043581065202,0.07056841206801401,0.6133,0.5773,0.5252,0.4458,0.219,0.0152,0.0129,0.0014,0.0014,0.0014,ConvNeXt_Base,ConvNeXt_Small,dictatorial_weighteduncertainty,DuoWrapper,entropy,15.36,8.68,0.5651,ood_test
0.7409,0.7380634078332121,0.00038464723461928115,1.190428622632107,0.09592938423156738,0.8308447136200723,0.10025904703365468,0.06333430870904887,0.6356,0.6035,0.5708,0.5231,0.4505,0.3084,0.016,0.0147,0.0018,0.0018,ConvNeXt_Base,ConvNeXt_Small,temperature_weighted,DuoWrapper,softmax_response,15.36,8.68,0.5651,ood_test
0.7409,0.7380634078332121,0.00038464723461928115,1.190428622632107,0.09592938423156738,0.8155934094779426,0.1082552271359655,0.07133048881135969,0.6133,0.5773,0.5252,0.4458,0.219,0.0152,0.0129,0.0014,0.0014,0.0014,ConvNeXt_Base,ConvNeXt_Small,temperature_weighted,DuoWrapper,entropy,15.36,8.68,0.5651,ood_test
0.7389,0.7361480607282603,0.00038361297610624084,1.1742807416723933,0.08018520474433899,0.831874360217158,0.09937121021839332,0.06184389081551562,0.6361,0.6052,0.5656,0.5067,0.4535,0.3542,0.0389,0.0095,0.0034,0.0034,ConvNeXt_Base,ConvNeXt_Tiny,logit_average,DuoWrapper,softmax_response,15.36,4.46,0.29036,ood_test
0.7389,0.7361480607282603,0.00038361297610624084,1.1742807416723933,0.08018520474433899,0.8169496315156646,0.1069057681161052,0.06937844871322749,0.6072,0.5662,0.5115,0.4389,0.3534,0.0127,0.0052,0.0037,0.0035,0.0035,ConvNeXt_Base,ConvNeXt_Tiny,logit_average,DuoWrapper,entropy,15.36,4.46,0.29036,ood_test
0.7358,0.733050331399098,0.00038361297610624084,1.1742807416723933,0.08018520474433899,0.834169382910432,0.1000568524985494,0.06158482875591139,0.6357,0.605,0.5656,0.5067,0.4535,0.3542,0.0389,0.0095,0.0034,0.0034,ConvNeXt_Base,ConvNeXt_Tiny,dictatorial_avguncertainty,DuoWrapper,softmax_response,15.36,4.46,0.29036,ood_test
0.7358,0.733050331399098,0.00038361297610624084,1.1742807416723933,0.08018520474433899,0.8182895678749553,0.107846076836048,0.06937405309340999,0.6075,0.566,0.5115,0.4389,0.3534,0.0127,0.0052,0.0037,0.0035,0.0035,ConvNeXt_Base,ConvNeXt_Tiny,dictatorial_avguncertainty,DuoWrapper,entropy,15.36,4.46,0.29036,ood_test
0.7358,0.733050331399098,0.00038451960105549536,1.1778011881215775,0.08881637454032898,0.8363107847206118,0.09942329702338899,0.060951273280750985,0.6411,0.6054,0.5668,0.5193,0.4569,0.3802,0.0317,0.0105,0.0032,0.0032,ConvNeXt_Base,ConvNeXt_Tiny,dictatorial_weighteduncertainty,DuoWrapper,softmax_response,15.36,4.46,0.29036,ood_test
0.7358,0.733050331399098,0.00038451960105549536,1.1778011881215775,0.08881637454032898,0.8218575249297371,0.10667058808553057,0.06819856434289256,0.6121,0.5778,0.5267,0.4476,0.3673,0.0126,0.0116,0.0038,0.0036,0.0036,ConvNeXt_Base,ConvNeXt_Tiny,dictatorial_weighteduncertainty,DuoWrapper,entropy,15.36,4.46,0.29036,ood_test
0.7388,0.736296164431933,0.00038451960105549536,1.1778011881215775,0.08881637454032898,0.8338074977344164,0.0988310348485973,0.06127344441031601,0.6411,0.6054,0.5668,0.5193,0.4569,0.3802,0.0317,0.0105,0.0032,0.0032,ConvNeXt_Base,ConvNeXt_Tiny,temperature_weighted,DuoWrapper,softmax_response,15.36,4.46,0.29036,ood_test
0.7388,0.736296164431933,0.00038451960105549536,1.1778011881215775,0.08881637454032898,0.8202531722316144,0.10583798713771485,0.06828039669943356,0.6121,0.5778,0.5267,0.4476,0.3673,0.0126,0.0116,0.0038,0.0036,0.0036,ConvNeXt_Base,ConvNeXt_Tiny,temperature_weighted,DuoWrapper,entropy,15.36,4.46,0.29036,ood_test
0.733,0.7304233629560792,0.0003854601742074956,1.1793647354026113,0.06200048327445984,0.8387855818017382,0.095218525782604,0.055881996319641976,0.6212,0.5906,0.5642,0.5202,0.477,0.4153,0.3393,0.2344,0.0651,0.001,ConvNeXt_Base,EfficientNet_B0,logit_average,DuoWrapper,softmax_response,15.36,0.39,0.02539,ood_test
0.733,0.7304233629560792,0.0003854601742074956,1.1793647354026113,0.06200048327445984,0.8221515397703757,0.10139434657542713,0.062057817112465115,0.5947,0.5668,0.5344,0.4949,0.4379,0.3782,0.2654,0.091,0.0057,0.001,ConvNeXt_Base,EfficientNet_B0,logit_average,DuoWrapper,entropy,15.36,0.39,0.02539,ood_test
0.7358,0.733050331399098,0.0003854601742074956,1.1793647354026113,0.06200048327445984,0.8334050246102899,0.09535890391239552,0.05688688016975751,0.6212,0.5905,0.5638,0.5196,0.477,0.4153,0.3393,0.2344,0.0651,0.001,ConvNeXt_Base,EfficientNet_B0,dictatorial_avguncertainty,DuoWrapper,softmax_response,15.36,0.39,0.02539,ood_test
0.7358,0.733050331399098,0.0003854601742074956,1.1793647354026113,0.06200048327445984,0.8163503539844678,0.10166438958655688,0.06319236584391888,0.5931,0.5658,0.5344,0.4949,0.4379,0.3782,0.2654,0.091,0.0057,0.001,ConvNeXt_Base,EfficientNet_B0,dictatorial_avguncertainty,DuoWrapper,entropy,15.36,0.39,0.02539,ood_test
0.7358,0.733050331399098,0.0003818414670943801,1.1632801226065552,0.0713474452495575,0.8405146267694852,0.09408169717296211,0.0556096734303241,0.6268,0.6042,0.5726,0.5389,0.4978,0.4395,0.3466,0.207,0.0018,0.0018,ConvNeXt_Base,EfficientNet_B0,dictatorial_weighteduncertainty,DuoWrapper,softmax_response,15.36,0.39,0.02539,ood_test
0.7358,0.733050331399098,0.0003818414670943801,1.1632801226065552,0.0713474452495575,0.8244522999062337,0.1001645644913186,0.06169254074868059,0.6125,0.5818,0.5496,0.5054,0.4559,0.3864,0.2572,0.0415,0.0021,0.0021,ConvNeXt_Base,EfficientNet_B0,dictatorial_weighteduncertainty,DuoWrapper,entropy,15.36,0.39,0.02539,ood_test
0.736,0.7331557720609001,0.0003818414670943801,1.1632801226065552,0.0713474452495575,0.8413539865365613,0.09382028866789464,0.055409607133207646,0.6268,0.6042,0.5726,0.5389,0.4978,0.4395,0.3466,0.207,0.0018,0.0018,ConvNeXt_Base,EfficientNet_B0,temperature_weighted,DuoWrapper,softmax_response,15.36,0.39,0.02539,ood_test
0.736,0.7331557720609001,0.0003818414670943801,1.1632801226065552,0.0713474452495575,0.8258215219449934,0.09974705035886168,0.06133636882417468,0.6125,0.5818,0.5496,0.5054,0.4559,0.3864,0.2572,0.0415,0.0021,0.0021,ConvNeXt_Base,EfficientNet_B0,temperature_weighted,DuoWrapper,entropy,15.36,0.39,0.02539,ood_test
0.7329,0.7296059223246169,0.00038222516529702263,1.1629533718730007,0.06888410449028015,0.8454424423594509,0.09279805635457127,0.05343045411254553,0.6403,0.6013,0.5769,0.5259,0.4758,0.4262,0.371,0.1674,0.0472,0.0226,ConvNeXt_Base,EfficientNet_B1,logit_average,DuoWrapper,softmax_response,15.36,0.69,0.04492,ood_test
0.7329,0.7296059223246169,0.00038222516529702263,1.1629533718730007,0.06888410449028015,0.8335712806844424,0.098275271789524,0.058907669547498265,0.6192,0.5897,0.5489,0.5193,0.4639,0.4048,0.319,0.0267,0.0204,0.017,ConvNeXt_Base,EfficientNet_B1,logit_average,DuoWrapper,entropy,15.36,0.69,0.04492,ood_test
0.7358,0.733050331399098,0.00038222516529702263,1.1629533718730007,0.06888410449028015,0.8402860754586612,0.09286503873443352,0.05439301499179552,0.6385,0.6005,0.5753,0.5258,0.4758,0.4262,0.371,0.1674,0.0472,0.0226,ConvNeXt_Base,EfficientNet_B1,dictatorial_avguncertainty,DuoWrapper,softmax_response,15.36,0.69,0.04492,ood_test
0.7358,0.733050331399098,0.00038222516529702263,1.1629533718730007,0.06888410449028015,0.8282221876768919,0.09837266775129216,0.05990064400865416,0.6191,0.5846,0.5479,0.5176,0.4639,0.4048,0.319,0.0267,0.0204,0.017,ConvNeXt_Base,EfficientNet_B1,dictatorial_avguncertainty,DuoWrapper,entropy,15.36,0.69,0.04492,ood_test
0.7358,0.733050331399098,0.0003820854671968641,1.1617781400339418,0.08042213320732117,0.8432408328959154,0.09255441918149782,0.05408239543885981,0.6406,0.6113,0.5819,0.5375,0.4817,0.4322,0.3618,0.187,0.0267,0.0232,ConvNeXt_Base,EfficientNet_B1,dictatorial_weighteduncertainty,DuoWrapper,softmax_response,15.36,0.69,0.04492,ood_test
0.7358,0.733050331399098,0.0003820854671968641,1.1617781400339418,0.08042213320732117,0.8324960148840762,0.09771822231951068,0.05924619857687267,0.6281,0.5956,0.558,0.5234,0.4632,0.407,0.2992,0.0281,0.0217,0.0085,ConvNeXt_Base,EfficientNet_B1,dictatorial_weighteduncertainty,DuoWrapper,entropy,15.36,0.69,0.04492,ood_test
0.7356,0.7321175797704718,0.0003820854671968641,1.1617781400339418,0.08042213320732117,0.8446498283945345,0.09230415614417935,0.0537707358309913,0.6409,0.6115,0.5821,0.5375,0.4817,0.4322,0.3618,0.187,0.0267,0.0232,ConvNeXt_Base,EfficientNet_B1,temperature_weighted,DuoWrapper,softmax_response,15.36,0.69,0.04492,ood_test
0.7356,0.7321175797704718,0.0003820854671968641,1.1617781400339418,0.08042213320732117,0.8342274545710315,0.09739029589689795,0.058856875583709896,0.6307,0.5998,0.558,0.5234,0.4632,0.407,0.2992,0.0281,0.0217,0.0085,ConvNeXt_Base,EfficientNet_B1,temperature_weighted,DuoWrapper,entropy,15.36,0.69,0.04492,ood_test
0.7383,0.7348701505531541,0.00037828583827567247,1.150506783532109,0.06734954565763474,0.8396346655772996,0.09385955948133656,0.05615041079743947,0.6392,0.6086,0.5816,0.5358,0.4753,0.4192,0.3013,0.0704,0.0124,0.0116,ConvNeXt_Base,EfficientNet_B2,logit_average,DuoWrapper,softmax_response,15.36,1.09,0.07096,ood_test
0.7383,0.7348701505531541,0.00037828583827567247,1.150506783532109,0.06734954565763474,0.8267002171850554,0.0998806662468275,0.062171517562930406,0.6223,0.594,0.5606,0.5202,0.4461,0.3356,0.1655,0.0104,0.0083,0.0081,ConvNeXt_Base,EfficientNet_B2,logit_average,DuoWrapper,entropy,15.36,1.09,0.07096,ood_test
0.7358,0.733050331399098,0.00037828583827567247,1.150506783532109,0.06734954565763474,0.8396949696489209,0.0948193471865396,0.056347323443901594,0.6398,0.6086,0.5816,0.5348,0.4753,0.4192,0.3013,0.0704,0.0124,0.0116,ConvNeXt_Base,EfficientNet_B2,dictatorial_avguncertainty,DuoWrapper,softmax_response,15.36,1.09,0.07096,ood_test
0.7358,0.733050331399098,0.00037828583827567247,1.150506783532109,0.06734954565763474,0.8263173619365924,0.10100928427877243,0.06253726053613443,0.6224,0.594,0.5606,0.5202,0.4448,0.3344,0.1655,0.0104,0.0083,0.0081,ConvNeXt_Base,EfficientNet_B2,dictatorial_avguncertainty,DuoWrapper,entropy,15.36,1.09,0.07096,ood_test
0.7358,0.733050331399098,0.0003768887403458397,1.1458560276834238,0.07080602645874023,0.8432049786839766,0.09444400330783387,0.05597197956519586,0.6456,0.6119,0.5852,0.5416,0.4908,0.427,0.3137,0.0401,0.0163,0.0065,ConvNeXt_Base,EfficientNet_B2,dictatorial_weighteduncertainty,DuoWrapper,softmax_response,15.36,1.09,0.07096,ood_test
0.7358,0.733050331399098,0.0003768887403458397,1.1458560276834238,0.07080602645874023,0.829539817105453,0.10082129258649328,0.06234926884385527,0.6304,0.6012,0.5638,0.5101,0.4526,0.329,0.0279,0.0222,0.0086,0.0056,ConvNeXt_Base,EfficientNet_B2,dictatorial_weighteduncertainty,DuoWrapper,entropy,15.36,1.09,0.07096,ood_test
0.7415,0.7381882594203182,0.0003768887403458397,1.1458560276834238,0.07080602645874023,0.8376320412776131,0.09352126077208352,0.056776243333192325,0.6455,0.6119,0.5852,0.5416,0.4908,0.427,0.3137,0.0401,0.0163,0.0065,ConvNeXt_Base,EfficientNet_B2,temperature_weighted,DuoWrapper,softmax_response,15.36,1.09,0.07096,ood_test
0.7415,0.7381882594203182,0.0003768887403458397,1.1458560276834238,0.07080602645874023,0.8256474212578142,0.09944551923942886,0.06270050180053767,0.6305,0.6012,0.5641,0.5101,0.4526,0.329,0.0279,0.0222,0.0086,0.0056,ConvNeXt_Base,EfficientNet_B2,temperature_weighted,DuoWrapper,entropy,15.36,1.09,0.07096,ood_test
0.7411,0.7378910846628485,0.0003741534376403128,1.1372257165145132,0.07447090744972229,0.8437736405838533,0.09137486749562765,0.05451009010189592,0.6571,0.6256,0.5945,0.5504,0.5021,0.4316,0.3183,0.0609,0.0189,0.0028,ConvNeXt_Base,EfficientNet_B3,logit_average,DuoWrapper,softmax_response,15.36,1.83,0.11914,ood_test
0.7411,0.7378910846628485,0.0003741534376403128,1.1372257165145132,0.07447090744972229,0.8318723240780944,0.09711652673906278,0.06025174934533105,0.6473,0.6136,0.5764,0.5301,0.4719,0.3369,0.0656,0.0325,0.0152,0.0025,ConvNeXt_Base,EfficientNet_B3,logit_average,DuoWrapper,entropy,15.36,1.83,0.11914,ood_test
0.7358,0.733050331399098,0.0003741534376403128,1.1372257165145132,0.07447090744972229,0.848311246041376,0.09239558642828677,0.05392356268564876,0.6551,0.6248,0.5942,0.5515,0.5021,0.4316,0.3183,0.0609,0.0189,0.0028,ConvNeXt_Base,EfficientNet_B3,dictatorial_avguncertainty,DuoWrapper,softmax_response,15.36,1.83,0.11914,ood_test
0.7358,0.733050331399098,0.0003741534376403128,1.1372257165145132,0.07447090744972229,0.8372478553831421,0.09797693292468913,0.059504909182051126,0.6444,0.6118,0.5764,0.5301,0.4719,0.3369,0.0656,0.0325,0.0152,0.0025,ConvNeXt_Base,EfficientNet_B3,dictatorial_avguncertainty,DuoWrapper,entropy,15.36,1.83,0.11914,ood_test
0.7358,0.733050331399098,0.00037755526096925593,1.1461277279266557,0.0910923182964325,0.8502347962194743,0.09159146619186276,0.05311944244922475,0.6583,0.627,0.5953,0.5516,0.5044,0.4426,0.3427,0.1541,0.0183,0.0032,ConvNeXt_Base,EfficientNet_B3,dictatorial_weighteduncertainty,DuoWrapper,softmax_response,15.36,1.83,0.11914,ood_test
0.7358,0.733050331399098,0.00037755526096925593,1.1461277279266557,0.0910923182964325,0.8414823046861095,0.09637396216343902,0.05790193842080101,0.6499,0.618,0.5888,0.5417,0.4817,0.3701,0.1763,0.0313,0.003,0.003,ConvNeXt_Base,EfficientNet_B3,dictatorial_weighteduncertainty,DuoWrapper,entropy,15.36,1.83,0.11914,ood_test
0.7408,0.7376005737575322,0.00037755526096925593,1.1461277279266557,0.0910923182964325,0.845661669983068,0.09070822893075438,0.05375348989597508,0.6592,0.6271,0.5952,0.5516,0.5044,0.4426,0.3427,0.1541,0.0183,0.0032,ConvNeXt_Base,EfficientNet_B3,temperature_weighted,DuoWrapper,softmax_response,15.36,1.83,0.11914,ood_test
0.7408,0.7376005737575322,0.00037755526096925593,1.1461277279266557,0.0910923182964325,0.8362470585686478,0.09561633144478675,0.05866159241000745,0.6505,0.618,0.5888,0.5417,0.4817,0.3701,0.1763,0.0313,0.003,0.003,ConvNeXt_Base,EfficientNet_B3,temperature_weighted,DuoWrapper,entropy,15.36,1.83,0.11914,ood_test
0.7477,0.7445500928065772,0.0003663699725036754,1.1084611578356787,0.07781114429235458,0.8450781630717341,0.08980914413632048,0.054892884922721125,0.6711,0.6436,0.6126,0.5759,0.5343,0.4662,0.3712,0.0107,0.0016,0.0016,ConvNeXt_Base,EfficientNet_B4,logit_average,DuoWrapper,softmax_response,15.36,4.39,0.28581,ood_test
0.7477,0.7445500928065772,0.0003663699725036754,1.1084611578356787,0.07781114429235458,0.8338359713346852,0.09532203729417418,0.06040577808057483,0.6644,0.629,0.5971,0.5581,0.4907,0.4002,0.0107,0.0105,0.0012,0.0012,ConvNeXt_Base,EfficientNet_B4,logit_average,DuoWrapper,entropy,15.36,4.39,0.28581,ood_test
0.7358,0.733050331399098,0.0003663699725036754,1.1084611578356787,0.07781114429235458,0.8558491182744545,0.09192520853690368,0.053453184794265675,0.6654,0.6424,0.6105,0.5746,0.534,0.4662,0.3712,0.0107,0.0016,0.0016,ConvNeXt_Base,EfficientNet_B4,dictatorial_avguncertainty,DuoWrapper,softmax_response,15.36,4.39,0.28581,ood_test
0.7358,0.733050331399098,0.0003663699725036754,1.1084611578356787,0.07781114429235458,0.8446495896364558,0.09754783221940759,0.05907580847676958,0.6603,0.628,0.5969,0.5567,0.4903,0.3982,0.0107,0.0105,0.0012,0.0012,ConvNeXt_Base,EfficientNet_B4,dictatorial_avguncertainty,DuoWrapper,entropy,15.36,4.39,0.28581,ood_test
0.7358,0.733050331399098,0.00036526340952818844,1.105738854557288,0.07293225824832916,0.8548952779231265,0.09215899742325553,0.05368697368061753,0.6672,0.6406,0.609,0.5752,0.5323,0.4648,0.3628,0.0136,0.0016,0.0016,ConvNeXt_Base,EfficientNet_B4,dictatorial_weighteduncertainty,DuoWrapper,softmax_response,15.36,4.39,0.28581,ood_test
0.7358,0.733050331399098,0.00036526340952818844,1.105738854557288,0.07293225824832916,0.8432519698211446,0.09795254512820431,0.0594805213855663,0.6551,0.6269,0.5957,0.5502,0.4818,0.3895,0.0106,0.0104,0.0013,0.0013,ConvNeXt_Base,EfficientNet_B4,dictatorial_weighteduncertainty,DuoWrapper,entropy,15.36,4.39,0.28581,ood_test
0.7483,0.7452441905360215,0.00036526340952818844,1.105738854557288,0.07293225824832916,0.8442005029968339,0.08977756253482655,0.05503554471652382,0.6707,0.6445,0.6109,0.5758,0.5334,0.4657,0.3628,0.0136,0.0016,0.0016,ConvNeXt_Base,EfficientNet_B4,temperature_weighted,DuoWrapper,softmax_response,15.36,4.39,0.28581,ood_test
0.7483,0.7452441905360215,0.00036526340952818844,1.105738854557288,0.07293225824832916,0.8324833335642898,0.09545294539064864,0.060710927572345905,0.6603,0.6294,0.5977,0.5506,0.4822,0.3908,0.0106,0.0104,0.0013,0.0013,ConvNeXt_Base,EfficientNet_B4,temperature_weighted,DuoWrapper,entropy,15.36,4.39,0.28581,ood_test
0.7484,0.7450574141530939,0.0003647582983639305,1.0967464097796913,0.08005833625793457,0.8456432280757508,0.08786735798222939,0.05315433361336962,0.6743,0.6401,0.6128,0.5605,0.5169,0.4656,0.3743,0.0378,0.0153,0.0009,ConvNeXt_Base,EfficientNet_B5,logit_average,DuoWrapper,softmax_response,15.36,10.27,0.66862,ood_test
0.7484,0.7450574141530939,0.0003647582983639305,1.0967464097796913,0.08005833625793457,0.8359176311690695,0.09348676906266315,0.05877374469380338,0.6636,0.6361,0.5952,0.5473,0.4987,0.4051,0.0296,0.0108,0.006,0.0009,ConvNeXt_Base,EfficientNet_B5,logit_average,DuoWrapper,entropy,15.36,10.27,0.66862,ood_test
0.7358,0.733050331399098,0.0003647582983639305,1.0967464097796913,0.08005833625793457,0.8559051372655613,0.090368071971925,0.051896048229286985,0.6713,0.6368,0.6085,0.5605,0.5169,0.4656,0.3743,0.0378,0.0153,0.0009,ConvNeXt_Base,EfficientNet_B5,dictatorial_avguncertainty,DuoWrapper,softmax_response,15.36,10.27,0.66862,ood_test
0.7358,0.733050331399098,0.0003647582983639305,1.0967464097796913,0.08005833625793457,0.8475180551934696,0.0957497994641849,0.05727777572154689,0.6585,0.6326,0.5952,0.5473,0.4987,0.4051,0.0296,0.0108,0.006,0.0009,ConvNeXt_Base,EfficientNet_B5,dictatorial_avguncertainty,DuoWrapper,entropy,15.36,10.27,0.66862,ood_test
0.7358,0.733050331399098,0.00036396514258142735,1.0940047326969724,0.07453164458274841,0.8525759425130953,0.09040051845799858,0.051928494715360575,0.6636,0.6316,0.6021,0.5636,0.5058,0.4663,0.3829,0.091,0.0256,0.0014,ConvNeXt_Base,EfficientNet_B5,dictatorial_weighteduncertainty,DuoWrapper,softmax_response,15.36,10.27,0.66862,ood_test
0.7358,0.733050331399098,0.00036396514258142735,1.0940047326969724,0.07453164458274841,0.8446048618928679,0.0957350675569125,0.05726304381427449,0.6564,0.6205,0.5872,0.5489,0.4919,0.4324,0.0512,0.0149,0.0118,0.0013,ConvNeXt_Base,EfficientNet_B5,dictatorial_weighteduncertainty,DuoWrapper,entropy,15.36,10.27,0.66862,ood_test
0.7487,0.7457578147944232,0.00036396514258142735,1.0940047326969724,0.07453164458274841,0.8452814431338767,0.08700625122314072,0.05238012703871842,0.6701,0.642,0.6101,0.5687,0.5091,0.4663,0.3829,0.091,0.0256,0.0014,ConvNeXt_Base,EfficientNet_B5,temperature_weighted,DuoWrapper,softmax_response,15.36,10.27,0.66862,ood_test
0.7487,0.7457578147944232,0.00036396514258142735,1.0940047326969724,0.07453164458274841,0.8353801849190141,0.09270712699388133,0.05808100280945903,0.6612,0.6325,0.5914,0.5531,0.4925,0.4324,0.0512,0.0149,0.0118,0.0013,ConvNeXt_Base,EfficientNet_B5,temperature_weighted,DuoWrapper,entropy,15.36,10.27,0.66862,ood_test
0.7151,0.7124240309362567,0.00040771051422620674,1.2653853503041124,0.04023340344429016,0.827843310223397,0.10604981344929583,0.060932115745677674,0.5704,0.535,0.5028,0.4527,0.392,0.3507,0.289,0.2326,0.0964,0.0225,ConvNeXt_Base,MNASNet0_5,logit_average,DuoWrapper,softmax_response,15.36,0.1,0.00651,ood_test
0.7151,0.7124240309362567,0.00040771051422620674,1.2653853503041124,0.04023340344429016,0.7967184240432736,0.11670921096341144,0.0715915132597933,0.5088,0.4749,0.4455,0.4046,0.3535,0.3165,0.2501,0.1813,0.0817,0.0228,ConvNeXt_Base,MNASNet0_5,logit_average,DuoWrapper,entropy,15.36,0.1,0.00651,ood_test
0.7358,0.733050331399098,0.00040771051422620674,1.2653853503041124,0.04023340344429016,0.8049070218493612,0.10300757232733625,0.06453554858469823,0.5692,0.5325,0.4974,0.4478,0.3877,0.3445,0.2852,0.2286,0.0964,0.0225,ConvNeXt_Base,MNASNet0_5,dictatorial_avguncertainty,DuoWrapper,softmax_response,15.36,0.1,0.00651,ood_test
0.7358,0.733050331399098,0.00040771051422620674,1.2653853503041124,0.04023340344429016,0.7766890111624398,0.11248334243190033,0.07401131868926233,0.5099,0.4748,0.4457,0.4031,0.3481,0.2989,0.2479,0.1811,0.0817,0.0228,ConvNeXt_Base,MNASNet0_5,dictatorial_avguncertainty,DuoWrapper,entropy,15.36,0.1,0.00651,ood_test
0.7358,0.733050331399098,0.00038721671543201703,1.1871628313805853,0.08410319685935974,0.8355862930119369,0.09562313366565374,0.05715110992301573,0.6261,0.6008,0.5566,0.5225,0.4584,0.3881,0.2666,0.1463,0.0306,0.0155,ConvNeXt_Base,MNASNet0_5,dictatorial_weighteduncertainty,DuoWrapper,softmax_response,15.36,0.1,0.00651,ood_test
0.7358,0.733050331399098,0.00038721671543201703,1.1871628313805853,0.08410319685935974,0.8190970849754082,0.10221900545695826,0.06374698171432025,0.6016,0.5678,0.519,0.4567,0.3969,0.3224,0.2036,0.0238,0.0124,0.0116,ConvNeXt_Base,MNASNet0_5,dictatorial_weighteduncertainty,DuoWrapper,entropy,15.36,0.1,0.00651,ood_test
0.7347,0.7317966734489997,0.00038721671543201703,1.1871628313805853,0.08410319685935974,0.8370533477744325,0.09571125184609876,0.05690087383178219,0.6261,0.6008,0.5566,0.5225,0.4584,0.3881,0.2666,0.1463,0.0306,0.0155,ConvNeXt_Base,MNASNet0_5,temperature_weighted,DuoWrapper,softmax_response,15.36,0.1,0.00651,ood_test
0.7347,0.7317966734489997,0.00038721671543201703,1.1871628313805853,0.08410319685935974,0.8200414732691651,0.10243983704878028,0.06362945903446371,0.6018,0.5678,0.519,0.4567,0.3969,0.3224,0.2036,0.0238,0.0124,0.0116,ConvNeXt_Base,MNASNet0_5,temperature_weighted,DuoWrapper,entropy,15.36,0.1,0.00651,ood_test
0.7215,0.7185042808528388,0.00039779358196607404,1.219219726406213,0.041514866054058075,0.8292111611680733,0.103932516809007,0.06093271526702275,0.5791,0.5416,0.504,0.4586,0.4193,0.3587,0.2701,0.2039,0.0209,0.0141,ConvNeXt_Base,MNASNet0_75,logit_average,DuoWrapper,softmax_response,15.36,0.21,0.01367,ood_test
0.7215,0.7185042808528388,0.00039779358196607404,1.219219726406213,0.041514866054058075,0.7995359508106366,0.11435776875616444,0.07135796721418018,0.5155,0.4899,0.4551,0.4116,0.3601,0.3143,0.2207,0.1301,0.0168,0.011,ConvNeXt_Base,MNASNet0_75,logit_average,DuoWrapper,entropy,15.36,0.21,0.01367,ood_test
0.7358,0.733050331399098,0.00039779358196607404,1.219219726406213,0.041514866054058075,0.8127676848714156,0.10191504561843343,0.06344302187579542,0.5785,0.5406,0.4954,0.4574,0.4193,0.3587,0.2701,0.2039,0.0209,0.0141,ConvNeXt_Base,MNASNet0_75,dictatorial_avguncertainty,DuoWrapper,softmax_response,15.36,0.21,0.01367,ood_test
0.7358,0.733050331399098,0.00039779358196607404,1.219219726406213,0.041514866054058075,0.785396569189164,0.11151175533853795,0.07303973159589994,0.5177,0.489,0.452,0.4115,0.3601,0.3143,0.2207,0.1301,0.0168,0.011,ConvNeXt_Base,MNASNet0_75,dictatorial_avguncertainty,DuoWrapper,entropy,15.36,0.21,0.01367,ood_test
0.7358,0.733050331399098,0.0003862761241871015,1.1848013934498856,0.08473032712936401,0.8350862630734128,0.09766058538877215,0.05918856164613414,0.6314,0.5972,0.5651,0.5206,0.4672,0.3756,0.2503,0.032,0.0153,0.0108,ConvNeXt_Base,MNASNet0_75,dictatorial_weighteduncertainty,DuoWrapper,softmax_response,15.36,0.21,0.01367,ood_test
0.7358,0.733050331399098,0.0003862761241871015,1.1848013934498856,0.08473032712936401,0.8179142303463877,0.10483295292549023,0.06636092918285222,0.6042,0.5632,0.5204,0.4525,0.4067,0.2653,0.1209,0.0168,0.0066,0.0037,ConvNeXt_Base,MNASNet0_75,dictatorial_weighteduncertainty,DuoWrapper,entropy,15.36,0.21,0.01367,ood_test
0.7348,0.7321553065288033,0.0003862761241871015,1.1848013934498856,0.08473032712936401,0.836311539816295,0.09777156077373715,0.05899201025662838,0.6314,0.5972,0.5651,0.5206,0.4672,0.3756,0.2503,0.032,0.0153,0.0108,ConvNeXt_Base,MNASNet0_75,temperature_weighted,DuoWrapper,softmax_response,15.36,0.21,0.01367,ood_test
0.7348,0.7321553065288033,0.0003862761241871015,1.1848013934498856,0.08473032712936401,0.8184878443442198,0.10510969308684733,0.06633014256973856,0.6042,0.5632,0.5204,0.4525,0.4067,0.2653,0.1209,0.0168,0.0066,0.0037,ConvNeXt_Base,MNASNet0_75,temperature_weighted,DuoWrapper,entropy,15.36,0.21,0.01367,ood_test
0.7222,0.7194400610722903,0.00039296535646950333,1.1856173770065952,0.05016488954424858,0.843099433795504,0.09621727003454732,0.053445660060822325,0.6165,0.5816,0.5404,0.4965,0.4469,0.3955,0.3341,0.2748,0.2246,0.0219,ConvNeXt_Base,MNASNet1_0,logit_average,DuoWrapper,softmax_response,15.36,0.31,0.02018,ood_test
0.7222,0.7194400610722903,0.00039296535646950333,1.1856173770065952,0.05016488954424858,0.8227753909291244,0.10252791809285097,0.05975630811912598,0.5724,0.5403,0.512,0.4676,0.4272,0.3846,0.308,0.2538,0.2059,0.0183,ConvNeXt_Base,MNASNet1_0,logit_average,DuoWrapper,entropy,15.36,0.31,0.02018,ood_test
0.7358,0.733050331399098,0.00039296535646950333,1.1856173770065952,0.05016488954424858,0.8265911039578728,0.09461148862168971,0.0561394648790517,0.6165,0.5813,0.5413,0.4965,0.4469,0.3955,0.3341,0.2743,0.2246,0.0219,ConvNeXt_Base,MNASNet1_0,dictatorial_avguncertainty,DuoWrapper,softmax_response,15.36,0.31,0.02018,ood_test
0.7358,0.733050331399098,0.00039296535646950333,1.1856173770065952,0.05016488954424858,0.8081264162928123,0.10030184140358224,0.06182981766094423,0.5724,0.5403,0.5117,0.4676,0.4272,0.3846,0.308,0.2538,0.2059,0.0183,ConvNeXt_Base,MNASNet1_0,dictatorial_avguncertainty,DuoWrapper,entropy,15.36,0.31,0.02018,ood_test
0.7358,0.733050331399098,0.00038348720892022916,1.1477392335361811,0.0589086152613163,0.8372213891104843,0.09149336996136102,0.053021346218723016,0.6262,0.5961,0.5643,0.526,0.4707,0.4141,0.3457,0.2817,0.2212,0.0171,ConvNeXt_Base,MNASNet1_0,dictatorial_weighteduncertainty,DuoWrapper,softmax_response,15.36,0.31,0.02018,ood_test
0.7358,0.733050331399098,0.00038348720892022916,1.1477392335361811,0.0589086152613163,0.8186123586639311,0.09748516621468893,0.059013142472050924,0.5927,0.5612,0.5263,0.4807,0.4476,0.3905,0.318,0.2673,0.1885,0.0149,ConvNeXt_Base,MNASNet1_0,dictatorial_weighteduncertainty,DuoWrapper,entropy,15.36,0.31,0.02018,ood_test
0.7296,0.7265616930864441,0.00038348720892022916,1.1477392335361811,0.0589086152613163,0.845337028111375,0.09205515289262824,0.05165448325278904,0.6262,0.5961,0.5643,0.526,0.4723,0.4146,0.3457,0.2817,0.2212,0.0171,ConvNeXt_Base,MNASNet1_0,temperature_weighted,DuoWrapper,softmax_response,15.36,0.31,0.02018,ood_test
0.7296,0.7265616930864441,0.00038348720892022916,1.1477392335361811,0.0589086152613163,0.8254672050179073,0.09842641612695421,0.05802574648711502,0.5911,0.5584,0.5263,0.4807,0.4477,0.3906,0.318,0.2673,0.1885,0.0149,ConvNeXt_Base,MNASNet1_0,temperature_weighted,DuoWrapper,entropy,15.36,0.31,0.02018,ood_test
0.7254,0.7219747654540152,0.00039187433933665167,1.197320953274455,0.059255827218294144,0.8355200114621443,0.10110355653284246,0.05936647769465518,0.6034,0.5669,0.5391,0.502,0.4413,0.3684,0.2442,0.1087,0.0281,0.0007,ConvNeXt_Base,MNASNet1_3,logit_average,DuoWrapper,softmax_response,15.36,0.53,0.03451,ood_test
0.7254,0.7219747654540152,0.00039187433933665167,1.197320953274455,0.059255827218294144,0.8128514272759275,0.10983984738854903,0.06810276855036175,0.5633,0.5314,0.492,0.4403,0.3693,0.2778,0.149,0.0576,0.026,0.0006,ConvNeXt_Base,MNASNet1_3,logit_average,DuoWrapper,entropy,15.36,0.53,0.03451,ood_test
0.7358,0.733050331399098,0.00039187433933665167,1.197320953274455,0.059255827218294144,0.8235956568769407,0.09969029278510329,0.06121826904246528,0.6052,0.5679,0.5388,0.5002,0.4404,0.3684,0.2442,0.1087,0.0281,0.0007,ConvNeXt_Base,MNASNet1_3,dictatorial_avguncertainty,DuoWrapper,softmax_response,15.36,0.53,0.03451,ood_test
0.7358,0.733050331399098,0.00039187433933665167,1.197320953274455,0.059255827218294144,0.8018945221554339,0.10804246594135491,0.06957044219871691,0.5677,0.5337,0.492,0.4386,0.3685,0.2778,0.149,0.0576,0.026,0.0006,ConvNeXt_Base,MNASNet1_3,dictatorial_avguncertainty,DuoWrapper,entropy,15.36,0.53,0.03451,ood_test
0.7358,0.733050331399098,0.00038701736789311953,1.188173936222005,0.09176786243915558,0.836718787133801,0.09764020021879702,0.05916817647615901,0.6385,0.6045,0.5663,0.5233,0.4787,0.3765,0.1877,0.0356,0.0067,0.0065,ConvNeXt_Base,MNASNet1_3,dictatorial_weighteduncertainty,DuoWrapper,softmax_response,15.36,0.53,0.03451,ood_test
0.7358,0.733050331399098,0.00038701736789311953,1.188173936222005,0.09176786243915558,0.821633397524547,0.10437467696329208,0.06590265322065408,0.6112,0.5749,0.523,0.4686,0.4012,0.2103,0.033,0.0276,0.0065,0.0062,ConvNeXt_Base,MNASNet1_3,dictatorial_weighteduncertainty,DuoWrapper,entropy,15.36,0.53,0.03451,ood_test
0.7345,0.731737238714384,0.00038701736789311953,1.188173936222005,0.09176786243915558,0.8380699426567133,0.09783228456239333,0.05896021071881527,0.6385,0.6045,0.5663,0.5233,0.4787,0.3765,0.1877,0.0356,0.0067,0.0065,ConvNeXt_Base,MNASNet1_3,temperature_weighted,DuoWrapper,softmax_response,15.36,0.53,0.03451,ood_test
0.7345,0.731737238714384,0.00038701736789311953,1.188173936222005,0.09176786243915558,0.8216834030093367,0.10489936113503856,0.0660272872914605,0.6112,0.5749,0.523,0.4686,0.4012,0.2103,0.033,0.0276,0.0065,0.0062,ConvNeXt_Base,MNASNet1_3,temperature_weighted,DuoWrapper,entropy,15.36,0.53,0.03451,ood_test
0.7311,0.7284277566946838,0.0003891632269091016,1.193069870242991,0.07299397140741348,0.8365134092659248,0.09920379958332326,0.059274552315052145,0.6161,0.5824,0.5535,0.5113,0.4687,0.4173,0.2317,0.0104,0.0066,0.0061,ConvNeXt_Base,RegNet_X_1_6GF,logit_average,DuoWrapper,softmax_response,15.36,1.6,0.10417,ood_test
0.7311,0.7284277566946838,0.0003891632269091016,1.193069870242991,0.07299397140741348,0.8194056353745222,0.10658179505605563,0.06665254778778451,0.5907,0.5625,0.5197,0.4725,0.4171,0.2648,0.0836,0.0104,0.0064,0.0049,ConvNeXt_Base,RegNet_X_1_6GF,logit_average,DuoWrapper,entropy,15.36,1.6,0.10417,ood_test
0.7358,0.733050331399098,0.0003891632269091016,1.193069870242991,0.07299397140741348,0.8308048740740406,0.09865216270593884,0.06018013896330083,0.6161,0.5823,0.5534,0.508,0.4652,0.4173,0.2317,0.0104,0.0066,0.0061,ConvNeXt_Base,RegNet_X_1_6GF,dictatorial_avguncertainty,DuoWrapper,softmax_response,15.36,1.6,0.10417,ood_test
0.7358,0.733050331399098,0.0003891632269091016,1.193069870242991,0.07299397140741348,0.8136200840377459,0.10602589451934671,0.06755387077670871,0.5904,0.5613,0.5195,0.4722,0.416,0.2648,0.0836,0.0104,0.0064,0.0049,ConvNeXt_Base,RegNet_X_1_6GF,dictatorial_avguncertainty,DuoWrapper,entropy,15.36,1.6,0.10417,ood_test
0.7358,0.733050331399098,0.0003890930110390404,1.191120601566511,0.0908358171582222,0.8358539650231617,0.09693039831068956,0.05845837456805155,0.6196,0.5893,0.5616,0.5243,0.4855,0.4257,0.257,0.0092,0.0091,0.0069,ConvNeXt_Base,RegNet_X_1_6GF,dictatorial_weighteduncertainty,DuoWrapper,softmax_response,15.36,1.6,0.10417,ood_test
0.7358,0.733050331399098,0.0003890930110390404,1.191120601566511,0.0908358171582222,0.8219284360217853,0.10309777791527984,0.06462575417264182,0.6085,0.5778,0.5357,0.4854,0.4337,0.3427,0.0807,0.009,0.0072,0.0067,ConvNeXt_Base,RegNet_X_1_6GF,dictatorial_weighteduncertainty,DuoWrapper,entropy,15.36,1.6,0.10417,ood_test
0.7311,0.728464481310024,0.0003890930110390404,1.191120601566511,0.0908358171582222,0.8420809328765313,0.09735112280718686,0.05742187553891574,0.6211,0.5903,0.5616,0.5243,0.4855,0.4257,0.257,0.0092,0.0091,0.0069,ConvNeXt_Base,RegNet_X_1_6GF,temperature_weighted,DuoWrapper,softmax_response,15.36,1.6,0.10417,ood_test
0.7311,0.728464481310024,0.0003890930110390404,1.191120601566511,0.0908358171582222,0.8275459135607159,0.10369496258635315,0.06376571531808203,0.6093,0.5783,0.5372,0.4854,0.4337,0.3427,0.0807,0.009,0.0072,0.0067,ConvNeXt_Base,RegNet_X_1_6GF,temperature_weighted,DuoWrapper,entropy,15.36,1.6,0.10417,ood_test
0.733,0.7301853073912297,0.0003841818306675953,1.1757557623501795,0.08076079934835434,0.8454945812958903,0.09488209588049847,0.05554556641753645,0.6392,0.607,0.5791,0.5402,0.507,0.459,0.3532,0.033,0.016,0.0044,ConvNeXt_Base,RegNet_X_3_2GF,logit_average,DuoWrapper,softmax_response,15.36,3.18,0.20703,ood_test
0.733,0.7301853073912297,0.0003841818306675953,1.1757557623501795,0.08076079934835434,0.8319101123595506,0.1009536839826395,0.06161715451967748,0.6275,0.5968,0.5677,0.5261,0.4685,0.3852,0.0301,0.0169,0.0119,0.0111,ConvNeXt_Base,RegNet_X_3_2GF,logit_average,DuoWrapper,entropy,15.36,3.18,0.20703,ood_test
0.7358,0.733050331399098,0.0003841818306675953,1.1757557623501795,0.08076079934835434,0.8408710083768196,0.09485573512166541,0.0563837113790274,0.6383,0.606,0.5789,0.5391,0.5057,0.4584,0.3535,0.033,0.016,0.0044,ConvNeXt_Base,RegNet_X_3_2GF,dictatorial_avguncertainty,DuoWrapper,softmax_response,15.36,3.18,0.20703,ood_test
0.7358,0.733050331399098,0.0003841818306675953,1.1757557623501795,0.08076079934835434,0.8277662424724159,0.10069858387271334,0.06222656013007533,0.6237,0.5949,0.5673,0.5258,0.4685,0.3861,0.0301,0.0169,0.0119,0.0111,ConvNeXt_Base,RegNet_X_3_2GF,dictatorial_avguncertainty,DuoWrapper,entropy,15.36,3.18,0.20703,ood_test
0.7358,0.733050331399098,0.00038403465136869737,1.1735155510085071,0.09033387899398804,0.8439697742306057,0.09401279525183724,0.055540771509199234,0.6445,0.6106,0.5827,0.542,0.5085,0.4649,0.3781,0.0309,0.0129,0.0044,ConvNeXt_Base,RegNet_X_3_2GF,dictatorial_weighteduncertainty,DuoWrapper,softmax_response,15.36,3.18,0.20703,ood_test
0.7358,0.733050331399098,0.00038403465136869737,1.1735155510085071,0.09033387899398804,0.8321240981662603,0.09943339354283169,0.060961369800193684,0.6313,0.6025,0.573,0.5261,0.476,0.4048,0.041,0.0124,0.0119,0.0107,ConvNeXt_Base,RegNet_X_3_2GF,dictatorial_weighteduncertainty,DuoWrapper,entropy,15.36,3.18,0.20703,ood_test
0.7343,0.7312366829518939,0.00038403465136869737,1.1735155510085071,0.09033387899398804,0.8467644687683988,0.09394089749815344,0.05500707336649786,0.6455,0.6113,0.5829,0.542,0.5075,0.4649,0.3781,0.0309,0.0129,0.0044,ConvNeXt_Base,RegNet_X_3_2GF,temperature_weighted,DuoWrapper,softmax_response,15.36,3.18,0.20703,ood_test
0.7343,0.7312366829518939,0.00038403465136869737,1.1735155510085071,0.09033387899398804,0.8340407099800511,0.09961269505694925,0.06067887092529367,0.6313,0.6026,0.5732,0.5261,0.4758,0.4041,0.041,0.0124,0.0119,0.0107,ConvNeXt_Base,RegNet_X_3_2GF,temperature_weighted,DuoWrapper,entropy,15.36,3.18,0.20703,ood_test
0.7191,0.7159267551985081,0.000397941408182658,1.226762328614795,0.05133833363652229,0.8377963356454181,0.1034035764238427,0.05961624380851821,0.5965,0.5628,0.5276,0.4951,0.4387,0.3836,0.3013,0.0736,0.0038,0.0038,ConvNeXt_Base,RegNet_X_400MF,logit_average,DuoWrapper,softmax_response,15.36,0.41,0.02669,ood_test
0.7191,0.7159267551985081,0.000397941408182658,1.226762328614795,0.05133833363652229,0.8160874028733061,0.11193924840281057,0.06815191578748608,0.5589,0.524,0.4892,0.4459,0.3967,0.333,0.2011,0.0408,0.0035,0.0035,ConvNeXt_Base,RegNet_X_400MF,logit_average,DuoWrapper,entropy,15.36,0.41,0.02669,ood_test
0.7358,0.733050331399098,0.000397941408182658,1.226762328614795,0.05133833363652229,0.8189719295985831,0.10102561873525176,0.06255359499261376,0.5965,0.5628,0.5276,0.4963,0.4387,0.3836,0.3013,0.0736,0.0038,0.0038,ConvNeXt_Base,RegNet_X_400MF,dictatorial_avguncertainty,DuoWrapper,softmax_response,15.36,0.41,0.02669,ood_test
0.7358,0.733050331399098,0.000397941408182658,1.226762328614795,0.05133833363652229,0.7983941325430934,0.10906955955824553,0.07059753581560752,0.5596,0.5256,0.4894,0.4462,0.3941,0.333,0.2011,0.0408,0.0035,0.0035,ConvNeXt_Base,RegNet_X_400MF,dictatorial_avguncertainty,DuoWrapper,entropy,15.36,0.41,0.02669,ood_test
0.7358,0.733050331399098,0.0003879425195575007,1.1950505231677377,0.08941855281591415,0.8345392934384837,0.0988368909472046,0.060364867204566595,0.6364,0.6035,0.5692,0.526,0.4636,0.3794,0.0582,0.0151,0.0135,0.0007,ConvNeXt_Base,RegNet_X_400MF,dictatorial_weighteduncertainty,DuoWrapper,softmax_response,15.36,0.41,0.02669,ood_test
0.7358,0.733050331399098,0.0003879425195575007,1.1950505231677377,0.08941855281591415,0.8195083024362964,0.1058862311066438,0.0674142073640058,0.6104,0.581,0.5326,0.4735,0.3805,0.1432,0.0212,0.0136,0.0005,0.0005,ConvNeXt_Base,RegNet_X_400MF,dictatorial_weighteduncertainty,DuoWrapper,entropy,15.36,0.41,0.02669,ood_test
0.734,0.7310827270437572,0.0003879425195575007,1.1950505231677377,0.08941855281591415,0.8370389358955974,0.09897192354982011,0.05994537184331911,0.6364,0.6035,0.5692,0.526,0.4636,0.3794,0.0582,0.0151,0.0135,0.0007,ConvNeXt_Base,RegNet_X_400MF,temperature_weighted,DuoWrapper,softmax_response,15.36,0.41,0.02669,ood_test
0.734,0.7310827270437572,0.0003879425195575007,1.1950505231677377,0.08941855281591415,0.8211484091700643,0.10624159519930447,0.06721504349280347,0.6104,0.581,0.5326,0.4735,0.3805,0.1432,0.0212,0.0136,0.0005,0.0005,ConvNeXt_Base,RegNet_X_400MF,temperature_weighted,DuoWrapper,entropy,15.36,0.41,0.02669,ood_test
0.7236,0.7208586906086778,0.00039497999109426997,1.2199086043652643,0.07399360835552216,0.8407194710640399,0.10126811654211296,0.05895085491433953,0.6217,0.5885,0.5492,0.5121,0.456,0.4013,0.291,0.0273,0.0109,0.0045,ConvNeXt_Base,RegNet_X_800MF,logit_average,DuoWrapper,softmax_response,15.36,0.8,0.05208,ood_test
0.7236,0.7208586906086778,0.00039497999109426997,1.2199086043652643,0.07399360835552216,0.8247210142405834,0.10830375491976545,0.06598649329199202,0.5933,0.5569,0.524,0.4802,0.426,0.3259,0.0712,0.0111,0.0083,0.0047,ConvNeXt_Base,RegNet_X_800MF,logit_average,DuoWrapper,entropy,15.36,0.8,0.05208,ood_test
0.7358,0.733050331399098,0.00039497999109426997,1.2199086043652643,0.07399360835552216,0.8252742975815228,0.10006468483399751,0.0615926610913595,0.6217,0.5895,0.5495,0.5121,0.456,0.4013,0.2883,0.0273,0.0109,0.0045,ConvNeXt_Base,RegNet_X_800MF,dictatorial_avguncertainty,DuoWrapper,softmax_response,15.36,0.8,0.05208,ood_test
0.7358,0.733050331399098,0.00039497999109426997,1.2199086043652643,0.07399360835552216,0.8102025654948941,0.1067491105501219,0.0682770868074839,0.5929,0.5569,0.5252,0.4806,0.426,0.3259,0.0298,0.0111,0.0083,0.0047,ConvNeXt_Base,RegNet_X_800MF,dictatorial_avguncertainty,DuoWrapper,entropy,15.36,0.8,0.05208,ood_test
0.7358,0.733050331399098,0.0003877534896298731,1.1967210940697641,0.08960491418838501,0.835719267384766,0.0994494176140387,0.060977393871400686,0.6363,0.6086,0.5733,0.5341,0.4811,0.3731,0.026,0.0039,0.0033,0.0033,ConvNeXt_Base,RegNet_X_800MF,dictatorial_weighteduncertainty,DuoWrapper,softmax_response,15.36,0.8,0.05208,ood_test
0.7358,0.733050331399098,0.0003877534896298731,1.1967210940697641,0.08960491418838501,0.8214354791881989,0.1062215290933931,0.06774950535075508,0.6195,0.5861,0.5413,0.4816,0.3959,0.0243,0.0112,0.0037,0.0036,0.0036,ConvNeXt_Base,RegNet_X_800MF,dictatorial_weighteduncertainty,DuoWrapper,entropy,15.36,0.8,0.05208,ood_test
0.7372,0.7343154668404657,0.0003877534896298731,1.1967210940697641,0.08960491418838501,0.8336300513027615,0.09937574514589571,0.06133197607103053,0.6363,0.6086,0.5733,0.5341,0.4811,0.3731,0.026,0.0039,0.0033,0.0033,ConvNeXt_Base,RegNet_X_800MF,temperature_weighted,DuoWrapper,softmax_response,15.36,0.8,0.05208,ood_test
0.7372,0.7343154668404657,0.0003877534896298731,1.1967210940697641,0.08960491418838501,0.8200759218103632,0.1059780738331283,0.06793430475826312,0.6194,0.5856,0.5413,0.4816,0.3959,0.0243,0.0112,0.0037,0.0036,0.0036,ConvNeXt_Base,RegNet_X_800MF,temperature_weighted,DuoWrapper,entropy,15.36,0.8,0.05208,ood_test
0.7356,0.7323892704738344,0.00038247801403434845,1.1872851914811955,0.08057490736246109,0.8429569879867949,0.09595531102925242,0.05742189071606437,0.6452,0.6114,0.5784,0.5379,0.4955,0.4383,0.2826,0.0071,0.0036,0.0036,ConvNeXt_Base,RegNet_X_8GF,logit_average,DuoWrapper,softmax_response,15.36,8.0,0.52083,ood_test
0.7356,0.7323892704738344,0.00038247801403434845,1.1872851914811955,0.08057490736246109,0.8316959963112229,0.10122318701356492,0.06268976670037688,0.6336,0.5994,0.559,0.5233,0.4697,0.377,0.0078,0.0073,0.0036,0.0036,ConvNeXt_Base,RegNet_X_8GF,logit_average,DuoWrapper,entropy,15.36,8.0,0.52083,ood_test
0.7358,0.733050331399098,0.00038247801403434845,1.1872851914811955,0.08057490736246109,0.8403381592313844,0.09647633900574605,0.05800431526310804,0.6431,0.6103,0.578,0.5378,0.4955,0.4424,0.2826,0.0071,0.0036,0.0036,ConvNeXt_Base,RegNet_X_8GF,dictatorial_avguncertainty,DuoWrapper,softmax_response,15.36,8.0,0.52083,ood_test
0.7358,0.733050331399098,0.00038247801403434845,1.1872851914811955,0.08057490736246109,0.8301275792655864,0.10150686006383325,0.06303483632119525,0.6345,0.5994,0.5589,0.5233,0.469,0.377,0.0078,0.0073,0.0036,0.0036,ConvNeXt_Base,RegNet_X_8GF,dictatorial_avguncertainty,DuoWrapper,entropy,15.36,8.0,0.52083,ood_test
0.7358,0.733050331399098,0.0003792531510515587,1.1749875842791355,0.0749003142118454,0.8422813083402556,0.09664147529977754,0.05816945155713953,0.6438,0.6138,0.5847,0.5415,0.4984,0.4404,0.0093,0.0042,0.0026,0.0026,ConvNeXt_Base,RegNet_X_8GF,dictatorial_weighteduncertainty,DuoWrapper,softmax_response,15.36,8.0,0.52083,ood_test
0.7358,0.733050331399098,0.0003792531510515587,1.1749875842791355,0.0749003142118454,0.8303407497882185,0.10232637479426841,0.0638543510516304,0.6323,0.599,0.5617,0.5274,0.4552,0.3005,0.0066,0.0041,0.0026,0.0026,ConvNeXt_Base,RegNet_X_8GF,dictatorial_weighteduncertainty,DuoWrapper,entropy,15.36,8.0,0.52083,ood_test
0.7389,0.7358068645930552,0.0003792531510515587,1.1749875842791355,0.0749003142118454,0.8398118529831964,0.09600912908383724,0.05848180968095954,0.6438,0.6138,0.5847,0.5415,0.4984,0.4404,0.0093,0.0042,0.0026,0.0026,ConvNeXt_Base,RegNet_X_8GF,temperature_weighted,DuoWrapper,softmax_response,15.36,8.0,0.52083,ood_test
0.7389,0.7358068645930552,0.0003792531510515587,1.1749875842791355,0.0749003142118454,0.8280960358071576,0.1016220956625972,0.06409477625971949,0.6319,0.599,0.5617,0.5273,0.4552,0.3005,0.0066,0.0041,0.0026,0.0026,ConvNeXt_Base,RegNet_X_8GF,temperature_weighted,DuoWrapper,entropy,15.36,8.0,0.52083,ood_test
0.7315,0.7284025228422666,0.0003863455728809773,1.2043551701217716,0.07588035613298416,0.8397668880174026,0.1013669769030385,0.06156292224147915,0.6364,0.6049,0.5677,0.5384,0.4761,0.387,0.0054,0.0052,0.0052,0.0047,ConvNeXt_Base,ResNeXt50_32X4D,logit_average,DuoWrapper,softmax_response,15.36,4.23,0.27539,ood_test
0.7315,0.7284025228422666,0.0003863455728809773,1.2043551701217716,0.07588035613298416,0.8252890224545619,0.10787430077810935,0.06807024611654999,0.6192,0.5861,0.5481,0.5019,0.4384,0.0053,0.0053,0.0052,0.0052,0.004,ConvNeXt_Base,ResNeXt50_32X4D,logit_average,DuoWrapper,entropy,15.36,4.23,0.27539,ood_test
0.7358,0.733050331399098,0.0003863455728809773,1.2043551701217716,0.07588035613298416,0.8329061263685558,0.10125838005003436,0.06278635630739635,0.6342,0.6049,0.5676,0.5365,0.476,0.387,0.0054,0.0052,0.0052,0.0047,ConvNeXt_Base,ResNeXt50_32X4D,dictatorial_avguncertainty,DuoWrapper,softmax_response,15.36,4.23,0.27539,ood_test
0.7358,0.733050331399098,0.0003863455728809773,1.2043551701217716,0.07588035613298416,0.8200011563883564,0.10736730435129262,0.0688952806086546,0.6176,0.5852,0.5477,0.5018,0.4384,0.0053,0.0053,0.0052,0.0052,0.004,ConvNeXt_Base,ResNeXt50_32X4D,dictatorial_avguncertainty,DuoWrapper,entropy,15.36,4.23,0.27539,ood_test
0.7358,0.733050331399098,0.0003818978456668683,1.186829810654015,0.07181613892316818,0.8359674947875075,0.10089356867502565,0.06242154493238764,0.6416,0.6071,0.5759,0.5377,0.4856,0.3831,0.0036,0.0036,0.0034,0.0034,ConvNeXt_Base,ResNeXt50_32X4D,dictatorial_weighteduncertainty,DuoWrapper,softmax_response,15.36,4.23,0.27539,ood_test
0.7358,0.733050331399098,0.0003818978456668683,1.186829810654015,0.07181613892316818,0.82137796841496,0.10759727985985128,0.06912525611721326,0.6212,0.5928,0.549,0.4898,0.4091,0.0087,0.0037,0.0037,0.0034,0.0034,ConvNeXt_Base,ResNeXt50_32X4D,dictatorial_weighteduncertainty,DuoWrapper,entropy,15.36,4.23,0.27539,ood_test
0.7354,0.7322369635839707,0.0003818978456668683,1.186829810654015,0.07181613892316818,0.8374063734217586,0.10072510510466662,0.06213023384354901,0.6422,0.6078,0.5759,0.5377,0.4856,0.3831,0.0036,0.0036,0.0034,0.0034,ConvNeXt_Base,ResNeXt50_32X4D,temperature_weighted,DuoWrapper,softmax_response,15.36,4.23,0.27539,ood_test
0.7354,0.7322369635839707,0.0003818978456668683,1.186829810654015,0.07181613892316818,0.8217774644986269,0.10766985049743882,0.06907497923632122,0.6229,0.5935,0.549,0.4898,0.4091,0.0087,0.0037,0.0037,0.0034,0.0034,ConvNeXt_Base,ResNeXt50_32X4D,temperature_weighted,DuoWrapper,entropy,15.36,4.23,0.27539,ood_test
0.7345,0.7319893377631674,0.0003831014717557962,1.1856906150002162,0.08061361312866211,0.8430276434896204,0.09738408106651693,0.05851200722293887,0.6435,0.6159,0.5897,0.5479,0.5041,0.4479,0.0381,0.0203,0.002,0.002,ConvNeXt_Base,ResNet101,logit_average,DuoWrapper,softmax_response,15.36,7.8,0.50781,ood_test
0.7345,0.7319893377631674,0.0003831014717557962,1.1856906150002162,0.08061361312866211,0.8302039513408944,0.1036036930510812,0.06473161920750314,0.6306,0.6008,0.568,0.5279,0.4668,0.0329,0.0303,0.0185,0.0021,0.0021,ConvNeXt_Base,ResNet101,logit_average,DuoWrapper,entropy,15.36,7.8,0.50781,ood_test
0.7358,0.733050331399098,0.0003831014717557962,1.1856906150002162,0.08061361312866211,0.8387148173472245,0.09787020203010648,0.05939817828746847,0.6429,0.6153,0.5896,0.5479,0.5041,0.4479,0.0381,0.0203,0.002,0.002,ConvNeXt_Base,ResNet101,dictatorial_avguncertainty,DuoWrapper,softmax_response,15.36,7.8,0.50781,ood_test
0.7358,0.733050331399098,0.0003831014717557962,1.1856906150002162,0.08061361312866211,0.8274076231918829,0.10373478928811918,0.06526276554548116,0.6287,0.6006,0.5664,0.5279,0.4668,0.0329,0.0303,0.0185,0.0021,0.0021,ConvNeXt_Base,ResNet101,dictatorial_avguncertainty,DuoWrapper,entropy,15.36,7.8,0.50781,ood_test
0.7358,0.733050331399098,0.0003795847905521041,1.1740795918707552,0.0731574147939682,0.840597343516684,0.09836477056512367,0.05989274682248567,0.6483,0.6231,0.5896,0.5491,0.504,0.429,0.0307,0.0016,0.0016,0.0016,ConvNeXt_Base,ResNet101,dictatorial_weighteduncertainty,DuoWrapper,softmax_response,15.36,7.8,0.50781,ood_test
0.7358,0.733050331399098,0.0003795847905521041,1.1740795918707552,0.0731574147939682,0.8264783200845933,0.10509117630750249,0.06661915256486448,0.6273,0.6008,0.5607,0.5132,0.452,0.0261,0.0211,0.0016,0.0016,0.0016,ConvNeXt_Base,ResNet101,dictatorial_weighteduncertainty,DuoWrapper,entropy,15.36,7.8,0.50781,ood_test
0.7378,0.7352939658979971,0.0003795847905521041,1.1740795918707552,0.0731574147939682,0.8392866447531253,0.09788510704776866,0.06002406150249207,0.6483,0.6231,0.5896,0.5491,0.504,0.429,0.0307,0.0016,0.0016,0.0016,ConvNeXt_Base,ResNet101,temperature_weighted,DuoWrapper,softmax_response,15.36,7.8,0.50781,ood_test
0.7378,0.7352939658979971,0.0003795847905521041,1.1740795918707552,0.0731574147939682,0.8243152948785626,0.10479980248669762,0.06693875694142104,0.6281,0.6006,0.5607,0.5132,0.452,0.0261,0.0211,0.0016,0.0016,0.0016,ConvNeXt_Base,ResNet101,temperature_weighted,DuoWrapper,entropy,15.36,7.8,0.50781,ood_test
0.7386,0.7356937839821305,0.00038084582341108166,1.1771373100731073,0.08291719853878021,0.8411838263461281,0.09629384948973287,0.058675676372423324,0.6543,0.6214,0.5891,0.5446,0.5051,0.4405,0.2028,0.0003,0.0003,0.0003,ConvNeXt_Base,ResNet152,logit_average,DuoWrapper,softmax_response,15.36,11.51,0.74935,ood_test
0.7386,0.7356937839821305,0.00038084582341108166,1.1771373100731073,0.08291719853878021,0.830094353323799,0.10260321586308999,0.06498504274578044,0.6491,0.6126,0.5729,0.5172,0.4351,0.2202,0.0003,0.0003,0.0003,0.0003,ConvNeXt_Base,ResNet152,logit_average,DuoWrapper,entropy,15.36,11.51,0.74935,ood_test
0.7358,0.733050331399098,0.00038084582341108166,1.1771373100731073,0.08291719853878021,0.8425155181350296,0.09712016436030457,0.058648140617666565,0.6512,0.6195,0.5871,0.5434,0.5049,0.4353,0.2028,0.0003,0.0003,0.0003,ConvNeXt_Base,ResNet152,dictatorial_avguncertainty,DuoWrapper,softmax_response,15.36,11.51,0.74935,ood_test
0.7358,0.733050331399098,0.00038084582341108166,1.1771373100731073,0.08291719853878021,0.8304836522283419,0.1036897903512974,0.06521776660865938,0.6438,0.6118,0.5718,0.5136,0.4334,0.2202,0.0003,0.0003,0.0003,0.0003,ConvNeXt_Base,ResNet152,dictatorial_avguncertainty,DuoWrapper,entropy,15.36,11.51,0.74935,ood_test
0.7358,0.733050331399098,0.00037798606354822167,1.168204089160831,0.07582210004329681,0.8428527894988413,0.09798075506546502,0.05950873132282702,0.6535,0.6221,0.5842,0.5478,0.4934,0.4245,0.1829,0.0004,0.0004,0.0004,ConvNeXt_Base,ResNet152,dictatorial_weighteduncertainty,DuoWrapper,softmax_response,15.36,11.51,0.74935,ood_test
0.7358,0.733050331399098,0.00037798606354822167,1.168204089160831,0.07582210004329681,0.8281476500110392,0.10529196255914818,0.06681993881651016,0.6421,0.6065,0.5588,0.4974,0.4189,0.0003,0.0003,0.0003,0.0003,0.0003,ConvNeXt_Base,ResNet152,dictatorial_weighteduncertainty,DuoWrapper,entropy,15.36,11.51,0.74935,ood_test
0.7394,0.7365180722107172,0.00037798606354822167,1.168204089160831,0.07582210004329681,0.839451041073522,0.09733950904121286,0.05996334184750644,0.6547,0.6224,0.5843,0.5478,0.4934,0.4245,0.1829,0.0004,0.0004,0.0004,ConvNeXt_Base,ResNet152,temperature_weighted,DuoWrapper,softmax_response,15.36,11.51,0.74935,ood_test
0.7394,0.7365180722107172,0.00037798606354822167,1.168204089160831,0.07582210004329681,0.8254752354639872,0.10444043249543183,0.06706426530172542,0.6428,0.6091,0.5598,0.4974,0.4189,0.0003,0.0003,0.0003,0.0003,0.0003,ConvNeXt_Base,ResNet152,temperature_weighted,DuoWrapper,entropy,15.36,11.51,0.74935,ood_test
0.7336,0.7307249987998127,0.00038394672377104323,1.1798432678430708,0.07233615219593048,0.841941945353205,0.09682045042863115,0.05767007121130578,0.6379,0.6121,0.5794,0.536,0.4951,0.4243,0.3328,0.004,0.0037,0.0037,ConvNeXt_Base,ResNet50,logit_average,DuoWrapper,softmax_response,15.36,4.09,0.26628,ood_test
0.7336,0.7307249987998127,0.00038394672377104323,1.1798432678430708,0.07233615219593048,0.8280365800642518,0.10326526789964832,0.06411488868232296,0.6283,0.5914,0.5568,0.4966,0.4411,0.3607,0.0093,0.0042,0.0039,0.0039,ConvNeXt_Base,ResNet50,logit_average,DuoWrapper,entropy,15.36,4.09,0.26628,ood_test
0.7358,0.733050331399098,0.00038394672377104323,1.1798432678430708,0.07233615219593048,0.8380468333169065,0.09687126612818607,0.05839924238554806,0.6375,0.6121,0.5789,0.5354,0.4912,0.4221,0.3328,0.004,0.0037,0.0037,ConvNeXt_Base,ResNet50,dictatorial_avguncertainty,DuoWrapper,softmax_response,15.36,4.09,0.26628,ood_test
0.7358,0.733050331399098,0.00038394672377104323,1.1798432678430708,0.07233615219593048,0.8241574157312851,0.10330691260777018,0.06483488886513217,0.6276,0.5914,0.5568,0.4966,0.4408,0.3589,0.0093,0.0042,0.0039,0.0039,ConvNeXt_Base,ResNet50,dictatorial_avguncertainty,DuoWrapper,entropy,15.36,4.09,0.26628,ood_test
0.7358,0.733050331399098,0.0003804470454967374,1.1701596067693971,0.07121062278747559,0.8400704872201596,0.0971431660872868,0.0586711423446488,0.6436,0.6137,0.5756,0.5401,0.4941,0.4151,0.3128,0.0114,0.0052,0.0028,ConvNeXt_Base,ResNet50,dictatorial_weighteduncertainty,DuoWrapper,softmax_response,15.36,4.09,0.26628,ood_test
0.7358,0.733050331399098,0.0003804470454967374,1.1701596067693971,0.07121062278747559,0.824066262698924,0.10436682087227364,0.06589479712963564,0.6197,0.5967,0.5543,0.4834,0.4057,0.3361,0.0127,0.0045,0.0029,0.0029,ConvNeXt_Base,ResNet50,dictatorial_weighteduncertainty,DuoWrapper,entropy,15.36,4.09,0.26628,ood_test
0.7347,0.7319641059485005,0.0003804470454967374,1.1701596067693971,0.07121062278747559,0.8424564469878318,0.09703096228646126,0.05822058427214469,0.6437,0.6139,0.5757,0.5401,0.4941,0.4151,0.3128,0.0114,0.0052,0.0028,ConvNeXt_Base,ResNet50,temperature_weighted,DuoWrapper,softmax_response,15.36,4.09,0.26628,ood_test
0.7347,0.7319641059485005,0.0003804470454967374,1.1701596067693971,0.07121062278747559,0.8260259257440811,0.10435579482348846,0.06554541680917189,0.6198,0.5959,0.5543,0.4834,0.4057,0.3361,0.0127,0.0045,0.0029,0.0029,ConvNeXt_Base,ResNet50,temperature_weighted,DuoWrapper,entropy,15.36,4.09,0.26628,ood_test
0.7124,0.7094084768380517,0.0004189100422300109,1.3302426815377464,0.04502556473016739,0.8112866437492336,0.11425530701463263,0.06822697190918833,0.5194,0.4834,0.4376,0.3919,0.3434,0.2849,0.2271,0.1617,0.0979,0.0214,ConvNeXt_Base,ShuffleNet_V2_X0_5,logit_average,DuoWrapper,softmax_response,15.36,0.04,0.0026,ood_test
0.7124,0.7094084768380517,0.0004189100422300109,1.3302426815377464,0.04502556473016739,0.7706505083015824,0.1285000694629358,0.0824717343574915,0.4338,0.3947,0.3718,0.3416,0.2975,0.249,0.1951,0.1381,0.0473,0.0219,ConvNeXt_Base,ShuffleNet_V2_X0_5,logit_average,DuoWrapper,entropy,15.36,0.04,0.0026,ood_test
0.7358,0.733050331399098,0.0004189100422300109,1.3302426815377464,0.04502556473016739,0.7852813676000148,0.11033075706002628,0.07185873331738826,0.5198,0.4847,0.4445,0.3929,0.3434,0.2848,0.2271,0.1617,0.0979,0.0214,ConvNeXt_Base,ShuffleNet_V2_X0_5,dictatorial_avguncertainty,DuoWrapper,softmax_response,15.36,0.04,0.0026,ood_test
0.7358,0.733050331399098,0.0004189100422300109,1.3302426815377464,0.04502556473016739,0.7486983172080258,0.12278411662123492,0.08431209287859692,0.4465,0.4116,0.3772,0.3436,0.3021,0.249,0.1951,0.1381,0.0473,0.0219,ConvNeXt_Base,ShuffleNet_V2_X0_5,dictatorial_avguncertainty,DuoWrapper,entropy,15.36,0.04,0.0026,ood_test
0.7358,0.733050331399098,0.0003871971352733306,1.189370242126869,0.07998528331518173,0.8334721548062443,0.09589472762738657,0.057422703884748565,0.6192,0.5902,0.5503,0.5169,0.4615,0.3925,0.2526,0.1437,0.0457,0.0354,ConvNeXt_Base,ShuffleNet_V2_X0_5,dictatorial_weighteduncertainty,DuoWrapper,softmax_response,15.36,0.04,0.0026,ood_test
0.7358,0.733050331399098,0.0003871971352733306,1.189370242126869,0.07998528331518173,0.8147037865957305,0.10303119035910484,0.06455916661646682,0.5875,0.5442,0.5126,0.4653,0.3994,0.3168,0.2215,0.0442,0.0353,0.0314,ConvNeXt_Base,ShuffleNet_V2_X0_5,dictatorial_weighteduncertainty,DuoWrapper,entropy,15.36,0.04,0.0026,ood_test
0.7355,0.7327537471264391,0.0003871971352733306,1.189370242126869,0.07998528331518173,0.8341358514134001,0.0958625647463659,0.0572984257573096,0.6192,0.5902,0.5503,0.5169,0.4615,0.3925,0.2526,0.1437,0.0457,0.0354,ConvNeXt_Base,ShuffleNet_V2_X0_5,temperature_weighted,DuoWrapper,softmax_response,15.36,0.04,0.0026,ood_test
0.7355,0.7327537471264391,0.0003871971352733306,1.189370242126869,0.07998528331518173,0.8152509191566248,0.10304451204501702,0.06448037305596072,0.5871,0.5442,0.5126,0.4653,0.3994,0.3168,0.2215,0.0442,0.0353,0.0314,ConvNeXt_Base,ShuffleNet_V2_X0_5,temperature_weighted,DuoWrapper,entropy,15.36,0.04,0.0026,ood_test
0.7158,0.7123858331456755,0.0004053738987092646,1.267825095716041,0.04232369735836983,0.831488205595271,0.10371851759747847,0.05883524541459851,0.5618,0.5267,0.4834,0.4503,0.4015,0.3734,0.3117,0.2355,0.1762,0.0503,ConvNeXt_Base,ShuffleNet_V2_X1_0,logit_average,DuoWrapper,softmax_response,15.36,0.14,0.00911,ood_test
0.7158,0.7123858331456755,0.0004053738987092646,1.267825095716041,0.04232369735836983,0.8006612189055754,0.11417160422870147,0.06928833204582152,0.5032,0.4719,0.4378,0.4066,0.3737,0.3341,0.2787,0.2251,0.1034,0.0539,ConvNeXt_Base,ShuffleNet_V2_X1_0,logit_average,DuoWrapper,entropy,15.36,0.14,0.00911,ood_test
0.7358,0.733050331399098,0.0004053738987092646,1.267825095716041,0.04232369735836983,0.8102279257911433,0.1003881947383852,0.06191617099574719,0.5651,0.5328,0.4954,0.4523,0.4015,0.3732,0.3116,0.2257,0.152,0.0503,ConvNeXt_Base,ShuffleNet_V2_X1_0,dictatorial_avguncertainty,DuoWrapper,softmax_response,15.36,0.14,0.00911,ood_test
0.7358,0.733050331399098,0.0004053738987092646,1.267825095716041,0.04232369735836983,0.782485202035655,0.10953598033975367,0.07106395659711567,0.5125,0.4813,0.4435,0.4086,0.3738,0.3334,0.2744,0.2154,0.1034,0.0539,ConvNeXt_Base,ShuffleNet_V2_X1_0,dictatorial_avguncertainty,DuoWrapper,entropy,15.36,0.14,0.00911,ood_test
0.7358,0.733050331399098,0.0003867133572549952,1.1872512608364618,0.08460202813148499,0.838826598125622,0.09286175953817516,0.05438973579553715,0.6313,0.5992,0.5639,0.5274,0.4695,0.4001,0.3297,0.2111,0.0724,0.0345,ConvNeXt_Base,ShuffleNet_V2_X1_0,dictatorial_weighteduncertainty,DuoWrapper,softmax_response,15.36,0.14,0.00911,ood_test
0.7358,0.733050331399098,0.0003867133572549952,1.1872512608364618,0.08460202813148499,0.8231911267152666,0.09892189714076219,0.06044987339812418,0.5961,0.5651,0.5307,0.4764,0.4157,0.3657,0.2711,0.1346,0.0558,0.0311,ConvNeXt_Base,ShuffleNet_V2_X1_0,dictatorial_weighteduncertainty,DuoWrapper,entropy,15.36,0.14,0.00911,ood_test
0.7347,0.731894043621648,0.0003867133572549952,1.1872512608364618,0.08460202813148499,0.8399013451493005,0.09304377293176015,0.054233394917443584,0.6313,0.5992,0.5639,0.5274,0.4695,0.4001,0.3297,0.2111,0.0724,0.0345,ConvNeXt_Base,ShuffleNet_V2_X1_0,temperature_weighted,DuoWrapper,softmax_response,15.36,0.14,0.00911,ood_test
0.7347,0.731894043621648,0.0003867133572549952,1.1872512608364618,0.08460202813148499,0.8234307040405271,0.0993204149753866,0.06051003696107003,0.5963,0.5651,0.5307,0.4764,0.4157,0.3657,0.2711,0.1346,0.0558,0.0311,ConvNeXt_Base,ShuffleNet_V2_X1_0,temperature_weighted,DuoWrapper,entropy,15.36,0.14,0.00911,ood_test
0.7177,0.7142642011756942,0.0004004040191546258,1.2369978711108447,0.05063988268375397,0.8353195459321165,0.10320976216834353,0.058959339068120474,0.5873,0.5496,0.5115,0.4546,0.4152,0.3484,0.2979,0.1917,0.0851,0.0042,ConvNeXt_Base,ShuffleNet_V2_X1_5,logit_average,DuoWrapper,softmax_response,15.36,0.3,0.01953,ood_test
0.7177,0.7142642011756942,0.0004004040191546258,1.2369978711108447,0.05063988268375397,0.8082064508130061,0.11263248982367975,0.0683820667234567,0.5251,0.4984,0.4565,0.4188,0.3608,0.3065,0.2336,0.1571,0.0718,0.0042,ConvNeXt_Base,ShuffleNet_V2_X1_5,logit_average,DuoWrapper,entropy,15.36,0.3,0.01953,ood_test
0.7358,0.733050331399098,0.0004004040191546258,1.2369978711108447,0.05063988268375397,0.8126147000417081,0.10144102480691058,0.06296900106427258,0.5873,0.5513,0.5115,0.4546,0.4121,0.3481,0.296,0.1907,0.0827,0.0042,ConvNeXt_Base,ShuffleNet_V2_X1_5,dictatorial_avguncertainty,DuoWrapper,softmax_response,15.36,0.3,0.01953,ood_test
0.7358,0.733050331399098,0.0004004040191546258,1.2369978711108447,0.05063988268375397,0.7884923514786852,0.10984023418430788,0.07136821044166988,0.5272,0.4984,0.4566,0.4196,0.3588,0.3047,0.2329,0.1441,0.0709,0.0042,ConvNeXt_Base,ShuffleNet_V2_X1_5,dictatorial_avguncertainty,DuoWrapper,entropy,15.36,0.3,0.01953,ood_test
0.7358,0.733050331399098,0.00038704821319569767,1.1918742691084396,0.08579998463392258,0.8349185147446716,0.0969451363907683,0.058473112648130286,0.6314,0.6028,0.5619,0.5102,0.4627,0.3506,0.2602,0.1268,0.0202,0.0041,ConvNeXt_Base,ShuffleNet_V2_X1_5,dictatorial_weighteduncertainty,DuoWrapper,softmax_response,15.36,0.3,0.01953,ood_test
0.7358,0.733050331399098,0.00038704821319569767,1.1918742691084396,0.08579998463392258,0.8186140819294977,0.10379945737493128,0.06532743363229326,0.6022,0.5638,0.5127,0.4577,0.3957,0.2794,0.1753,0.0142,0.0034,0.0034,ConvNeXt_Base,ShuffleNet_V2_X1_5,dictatorial_weighteduncertainty,DuoWrapper,entropy,15.36,0.3,0.01953,ood_test
0.7344,0.7315857084734254,0.00038704821319569767,1.1918742691084396,0.08579998463392258,0.8371388946308107,0.09698708564049369,0.05808414346115572,0.6314,0.6028,0.5619,0.5102,0.4627,0.3506,0.2602,0.1268,0.0202,0.0041,ConvNeXt_Base,ShuffleNet_V2_X1_5,temperature_weighted,DuoWrapper,softmax_response,15.36,0.3,0.01953,ood_test
0.7344,0.7315857084734254,0.00038704821319569767,1.1918742691084396,0.08579998463392258,0.8199148462723442,0.1040578598333168,0.06515491765397882,0.6043,0.5638,0.5127,0.4577,0.3957,0.2794,0.1753,0.0142,0.0034,0.0034,ConvNeXt_Base,ShuffleNet_V2_X1_5,temperature_weighted,DuoWrapper,entropy,15.36,0.3,0.01953,ood_test
0.7236,0.7204120367673423,0.0003942101808475215,1.2201413108910515,0.05690272897481918,0.8369714780335338,0.10032830841800358,0.058011046790230156,0.5966,0.5599,0.5271,0.4917,0.4343,0.3661,0.2963,0.1883,0.0971,0.0018,ConvNeXt_Base,ShuffleNet_V2_X2_0,logit_average,DuoWrapper,softmax_response,15.36,0.58,0.03776,ood_test
0.7236,0.7204120367673423,0.0003942101808475215,1.2201413108910515,0.05690272897481918,0.8121745799463849,0.10932284167647695,0.06700558004870352,0.5586,0.5168,0.4838,0.4366,0.387,0.3071,0.2022,0.1563,0.044,0.0018,ConvNeXt_Base,ShuffleNet_V2_X2_0,logit_average,DuoWrapper,entropy,15.36,0.58,0.03776,ood_test
0.7358,0.733050331399098,0.0003942101808475215,1.2201413108910515,0.05690272897481918,0.8213162909399029,0.09911362099701354,0.06064159725437553,0.5991,0.5606,0.5277,0.4917,0.4343,0.3623,0.296,0.1879,0.0927,0.0018,ConvNeXt_Base,ShuffleNet_V2_X2_0,dictatorial_avguncertainty,DuoWrapper,softmax_response,15.36,0.58,0.03776,ood_test
0.7358,0.733050331399098,0.0003942101808475215,1.2201413108910515,0.05690272897481918,0.7981084562647546,0.10754917382823712,0.06907715008559911,0.5592,0.5179,0.4838,0.4369,0.388,0.3011,0.2005,0.1561,0.044,0.0018,ConvNeXt_Base,ShuffleNet_V2_X2_0,dictatorial_avguncertainty,DuoWrapper,entropy,15.36,0.58,0.03776,ood_test
0.7358,0.733050331399098,0.00038672022058772843,1.1941725304738164,0.08536352217197418,0.8357343652487603,0.09803240829791116,0.05956038455527315,0.6323,0.6003,0.5579,0.5121,0.4556,0.3784,0.2594,0.007,0.0063,0.0017,ConvNeXt_Base,ShuffleNet_V2_X2_0,dictatorial_weighteduncertainty,DuoWrapper,softmax_response,15.36,0.58,0.03776,ood_test
0.7358,0.733050331399098,0.00038672022058772843,1.1941725304738164,0.08536352217197418,0.8189632103892234,0.10526433705303666,0.06679231331039864,0.5983,0.5593,0.5165,0.4502,0.3678,0.2724,0.0062,0.0047,0.0017,0.0017,ConvNeXt_Base,ShuffleNet_V2_X2_0,dictatorial_weighteduncertainty,DuoWrapper,entropy,15.36,0.58,0.03776,ood_test
0.737,0.733980249666929,0.00038672022058772843,1.1941725304738164,0.08536352217197418,0.8335320975488957,0.09805514001314425,0.059950354595981595,0.6323,0.6003,0.5579,0.5121,0.4556,0.3784,0.2594,0.007,0.0063,0.0017,ConvNeXt_Base,ShuffleNet_V2_X2_0,temperature_weighted,DuoWrapper,softmax_response,15.36,0.58,0.03776,ood_test
0.737,0.733980249666929,0.00038672022058772843,1.1941725304738164,0.08536352217197418,0.8168856632839948,0.10525349966601816,0.0671487142488555,0.5983,0.5593,0.5165,0.4502,0.3678,0.2724,0.0062,0.0047,0.0017,0.0017,ConvNeXt_Base,ShuffleNet_V2_X2_0,temperature_weighted,DuoWrapper,entropy,15.36,0.58,0.03776,ood_test
0.7423,0.7394917638723044,0.00037383042281428463,1.1459519954081399,0.07664616405963898,0.8459755834457408,0.09106249022890732,0.05455634547952618,0.6615,0.6352,0.6078,0.5659,0.5268,0.449,0.3654,0.0077,0.007,0.0023,ConvNeXt_Base,Swin_S,logit_average,DuoWrapper,softmax_response,15.36,8.74,0.56901,ood_test
0.7423,0.7394917638723044,0.00037383042281428463,1.1459519954081399,0.07664616405963898,0.8341069202994751,0.09685299160357062,0.060346846854189486,0.6515,0.6267,0.5903,0.5339,0.4867,0.3917,0.008,0.0075,0.0059,0.0013,ConvNeXt_Base,Swin_S,logit_average,DuoWrapper,entropy,15.36,8.74,0.56901,ood_test
0.7358,0.733050331399098,0.00037383042281428463,1.1459519954081399,0.07664616405963898,0.8508306345794274,0.09247280806562418,0.05400078432298617,0.6575,0.6339,0.6068,0.5648,0.5242,0.449,0.3654,0.0077,0.007,0.0023,ConvNeXt_Base,Swin_S,dictatorial_avguncertainty,DuoWrapper,softmax_response,15.36,8.74,0.56901,ood_test
0.7358,0.733050331399098,0.00037383042281428463,1.1459519954081399,0.07664616405963898,0.8407375967575036,0.09790237079732822,0.05943034705469021,0.6515,0.6258,0.5894,0.5315,0.4852,0.3917,0.008,0.0075,0.0059,0.0013,ConvNeXt_Base,Swin_S,dictatorial_avguncertainty,DuoWrapper,entropy,15.36,8.74,0.56901,ood_test
0.7358,0.733050331399098,0.00037490924836149894,1.1483707442074542,0.0822979137301445,0.8512894090258786,0.09272704850208362,0.05425502475944561,0.6624,0.6343,0.606,0.5645,0.5214,0.4486,0.3219,0.0059,0.0059,0.002,ConvNeXt_Base,Swin_S,dictatorial_weighteduncertainty,DuoWrapper,softmax_response,15.36,8.74,0.56901,ood_test
0.7358,0.733050331399098,0.00037490924836149894,1.1483707442074542,0.0822979137301445,0.8411945450568616,0.09821861750940823,0.059746593766770224,0.6538,0.6261,0.587,0.5435,0.4734,0.3726,0.0081,0.0078,0.0011,0.0011,ConvNeXt_Base,Swin_S,dictatorial_weighteduncertainty,DuoWrapper,entropy,15.36,8.74,0.56901,ood_test
0.7435,0.7405495381528556,0.00037490924836149894,1.1483707442074542,0.0822979137301445,0.8435696242024774,0.09151474286398831,0.055365290841642836,0.6627,0.6349,0.6082,0.5645,0.5214,0.4486,0.3219,0.0059,0.0059,0.002,ConvNeXt_Base,Swin_S,temperature_weighted,DuoWrapper,softmax_response,15.36,8.74,0.56901,ood_test
0.7435,0.7405495381528556,0.00037490924836149894,1.1483707442074542,0.0822979137301445,0.8318833922585738,0.09732589332694415,0.06117644130459868,0.6543,0.6263,0.5876,0.5435,0.4734,0.3726,0.0081,0.0078,0.0011,0.0011,ConvNeXt_Base,Swin_S,temperature_weighted,DuoWrapper,entropy,15.36,8.74,0.56901,ood_test
0.7321,0.728946106160028,0.0003837341078720059,1.1693372028526308,0.07614462077617645,0.8469029583960279,0.09426677599271661,0.05465010016236757,0.6401,0.6102,0.5813,0.5502,0.5076,0.4621,0.3514,0.0474,0.0212,0.0014,ConvNeXt_Base,Swin_T,logit_average,DuoWrapper,softmax_response,15.36,4.49,0.29232,ood_test
0.7321,0.728946106160028,0.0003837341078720059,1.1693372028526308,0.07614462077617645,0.8346853220872995,0.1001092150544024,0.06049253922405336,0.6265,0.6034,0.5624,0.5294,0.4785,0.3783,0.2103,0.0274,0.0157,0.0012,ConvNeXt_Base,Swin_T,logit_average,DuoWrapper,entropy,15.36,4.49,0.29232,ood_test
0.7358,0.733050331399098,0.0003837341078720059,1.1693372028526308,0.07614462077617645,0.8409685143434338,0.0942136506615028,0.0557416269188648,0.6386,0.6098,0.5813,0.5502,0.5076,0.4621,0.3514,0.0474,0.0212,0.0014,ConvNeXt_Base,Swin_T,dictatorial_avguncertainty,DuoWrapper,softmax_response,15.36,4.49,0.29232,ood_test
0.7358,0.733050331399098,0.0003837341078720059,1.1693372028526308,0.07614462077617645,0.8294404849917458,0.09987488148625082,0.06140285774361281,0.6246,0.6018,0.5624,0.5294,0.4785,0.3783,0.2103,0.0274,0.0157,0.0012,ConvNeXt_Base,Swin_T,dictatorial_avguncertainty,DuoWrapper,entropy,15.36,4.49,0.29232,ood_test
0.7358,0.733050331399098,0.000381754501124816,1.164512787823522,0.0772300660610199,0.8424555639255393,0.09454748746791165,0.056075463725273646,0.6454,0.617,0.5805,0.5446,0.5135,0.4454,0.3382,0.0304,0.0214,0.0011,ConvNeXt_Base,Swin_T,dictatorial_weighteduncertainty,DuoWrapper,softmax_response,15.36,4.49,0.29232,ood_test
0.7358,0.733050331399098,0.000381754501124816,1.164512787823522,0.0772300660610199,0.8299616828043199,0.1005450133465527,0.0620729896039147,0.6263,0.6009,0.5604,0.5274,0.4797,0.3546,0.2113,0.0235,0.0171,0.0009,ConvNeXt_Base,Swin_T,dictatorial_weighteduncertainty,DuoWrapper,entropy,15.36,4.49,0.29232,ood_test
0.7348,0.7316935835867916,0.000381754501124816,1.164512787823522,0.0772300660610199,0.8448399375662496,0.09438029203349091,0.05560074151638214,0.6454,0.617,0.5805,0.5446,0.5135,0.4454,0.3382,0.0304,0.0214,0.0011,ConvNeXt_Base,Swin_T,temperature_weighted,DuoWrapper,softmax_response,15.36,4.49,0.29232,ood_test
0.7348,0.7316935835867916,0.000381754501124816,1.164512787823522,0.0772300660610199,0.831714527547127,0.10052420949206822,0.061744658974959454,0.6272,0.6015,0.5604,0.5274,0.4797,0.3546,0.2113,0.0235,0.0171,0.0009,ConvNeXt_Base,Swin_T,temperature_weighted,DuoWrapper,entropy,15.36,4.49,0.29232,ood_test
0.7452,0.7427820217903065,0.00037014446612202985,1.136017181308207,0.08221018314361572,0.8451232313809954,0.09133555850914539,0.055688106524218586,0.6633,0.6358,0.5994,0.563,0.5155,0.4673,0.3477,0.0017,0.0017,0.0017,ConvNeXt_Base,Swin_V2_S,logit_average,DuoWrapper,softmax_response,15.36,11.55,0.75195,ood_test
0.7452,0.7427820217903065,0.00037014446612202985,1.136017181308207,0.08221018314361572,0.8338459284370257,0.09728624351373737,0.06163879152881056,0.6595,0.6258,0.5827,0.5452,0.4857,0.3765,0.0011,0.0011,0.0011,0.0011,ConvNeXt_Base,Swin_V2_S,logit_average,DuoWrapper,entropy,15.36,11.55,0.75195,ood_test
0.7358,0.733050331399098,0.00037014446612202985,1.136017181308207,0.08221018314361572,0.8523087849095022,0.0933430369681431,0.05487101322550509,0.6603,0.6326,0.5983,0.563,0.5155,0.4673,0.3477,0.0017,0.0017,0.0017,ConvNeXt_Base,Swin_V2_S,dictatorial_avguncertainty,DuoWrapper,softmax_response,15.36,11.55,0.75195,ood_test
0.7358,0.733050331399098,0.00037014446612202985,1.136017181308207,0.08221018314361572,0.8428926046495453,0.09892774169260703,0.06045571794996902,0.6547,0.6238,0.5827,0.5452,0.4857,0.3765,0.0011,0.0011,0.0011,0.0011,ConvNeXt_Base,Swin_V2_S,dictatorial_avguncertainty,DuoWrapper,entropy,15.36,11.55,0.75195,ood_test
0.7358,0.733050331399098,0.00037076648078821156,1.1374934100808862,0.08401480317115784,0.852836052732132,0.0934950250990315,0.05502300135639349,0.6603,0.6319,0.5988,0.5639,0.5077,0.4552,0.3355,0.0016,0.0016,0.0016,ConvNeXt_Base,Swin_V2_S,dictatorial_weighteduncertainty,DuoWrapper,softmax_response,15.36,11.55,0.75195,ood_test
0.7358,0.733050331399098,0.00037076648078821156,1.1374934100808862,0.08401480317115784,0.8428639778648339,0.09924712596303785,0.06077510222039984,0.6552,0.6251,0.5842,0.5379,0.4719,0.3541,0.001,0.001,0.001,0.001,ConvNeXt_Base,Swin_V2_S,dictatorial_weighteduncertainty,DuoWrapper,entropy,15.36,11.55,0.75195,ood_test
0.7456,0.7431330976266775,0.00037076648078821156,1.1374934100808862,0.08401480317115784,0.8438845419332199,0.09175055431649433,0.05622065605220848,0.6624,0.6324,0.5988,0.5639,0.5077,0.4552,0.3355,0.0016,0.0016,0.0016,ConvNeXt_Base,Swin_V2_S,temperature_weighted,DuoWrapper,softmax_response,15.36,11.55,0.75195,ood_test
0.7456,0.7431330976266775,0.00037076648078821156,1.1374934100808862,0.08401480317115784,0.8326006017271979,0.09773013949199896,0.062200241227713116,0.6563,0.6251,0.5842,0.5379,0.4719,0.3541,0.001,0.001,0.001,0.001,ConvNeXt_Base,Swin_V2_S,temperature_weighted,DuoWrapper,entropy,15.36,11.55,0.75195,ood_test
0.7374,0.7344157832447457,0.00037696269850460767,1.1534715938728703,0.0716271698474884,0.8480144002382963,0.09079572918498718,0.052812922193059234,0.6485,0.6181,0.5907,0.5511,0.5106,0.4741,0.3948,0.2036,0.017,0.0134,ConvNeXt_Base,Swin_V2_T,logit_average,DuoWrapper,softmax_response,15.36,5.94,0.38672,ood_test
0.7374,0.7344157832447457,0.00037696269850460767,1.1534715938728703,0.0716271698474884,0.8362783413285311,0.09612967991525066,0.05814687292332271,0.6398,0.6067,0.5704,0.5333,0.4963,0.4382,0.299,0.0178,0.0108,0.0103,ConvNeXt_Base,Swin_V2_T,logit_average,DuoWrapper,entropy,15.36,5.94,0.38672,ood_test
0.7358,0.733050331399098,0.00037696269850460767,1.1534715938728703,0.0716271698474884,0.8487079057662832,0.09130683367360685,0.05283480993096885,0.6474,0.6178,0.5904,0.5502,0.5104,0.4724,0.3948,0.2036,0.017,0.0134,ConvNeXt_Base,Swin_V2_T,dictatorial_avguncertainty,DuoWrapper,softmax_response,15.36,5.94,0.38672,ood_test
0.7358,0.733050331399098,0.00037696269850460767,1.1534715938728703,0.0716271698474884,0.838271192205531,0.0963326893470272,0.05786066560438919,0.6391,0.6062,0.5689,0.5331,0.4957,0.437,0.299,0.0178,0.0108,0.0103,ConvNeXt_Base,Swin_V2_T,dictatorial_avguncertainty,DuoWrapper,entropy,15.36,5.94,0.38672,ood_test
0.7358,0.733050331399098,0.0003763939816729194,1.1518340928738184,0.07593904435634613,0.8491472098838693,0.09211969783447573,0.05364767409183772,0.6507,0.6215,0.5927,0.5495,0.5074,0.4601,0.3626,0.0138,0.0105,0.0046,ConvNeXt_Base,Swin_V2_T,dictatorial_weighteduncertainty,DuoWrapper,softmax_response,15.36,5.94,0.38672,ood_test
0.7358,0.733050331399098,0.0003763939816729194,1.1518340928738184,0.07593904435634613,0.8379893739844307,0.09746609878957452,0.05899407504693651,0.6384,0.6078,0.5677,0.5284,0.4842,0.4104,0.2391,0.0103,0.0069,0.0041,ConvNeXt_Base,Swin_V2_T,dictatorial_weighteduncertainty,DuoWrapper,entropy,15.36,5.94,0.38672,ood_test
0.7374,0.7342969699076761,0.0003763939816729194,1.1518340928738184,0.07593904435634613,0.8483655134619051,0.09165731847523624,0.05367451148330829,0.6521,0.6218,0.5928,0.5496,0.5074,0.4601,0.3626,0.0138,0.0105,0.0046,ConvNeXt_Base,Swin_V2_T,temperature_weighted,DuoWrapper,softmax_response,15.36,5.94,0.38672,ood_test
0.7374,0.7342969699076761,0.0003763939816729194,1.1518340928738184,0.07593904435634613,0.8355313671819081,0.09740102793356616,0.059418220941638206,0.6393,0.6093,0.568,0.5287,0.4868,0.4104,0.2391,0.0103,0.0069,0.0041,ConvNeXt_Base,Swin_V2_T,temperature_weighted,DuoWrapper,entropy,15.36,5.94,0.38672,ood_test
0.7448,0.7425766724754136,0.00037234553856818625,1.1401997988865384,0.08779299259185791,0.8441588166985983,0.09309221837966566,0.057326997966627144,0.6704,0.6354,0.6088,0.5703,0.5047,0.4422,0.0007,0.0007,0.0007,0.0007,Swin_V2_B,ConvNeXt_Base,logit_average,DuoWrapper,softmax_response,20.32,15.36,0.75591,ood_test
0.7448,0.7425766724754136,0.00037234553856818625,1.1401997988865384,0.08779299259185791,0.8342766377710958,0.0989616305552252,0.06319641014218667,0.6578,0.6318,0.5922,0.5575,0.4608,0.3182,0.0005,0.0005,0.0005,0.0005,Swin_V2_B,ConvNeXt_Base,logit_average,DuoWrapper,entropy,20.32,15.36,0.75591,ood_test
0.7313,0.7279663474352093,0.00037234553856818625,1.1401997988865384,0.08779299259185791,0.8552872257555216,0.09576068335098814,0.055894059734630526,0.6669,0.6335,0.6084,0.5693,0.5047,0.4422,0.0007,0.0007,0.0007,0.0007,Swin_V2_B,ConvNeXt_Base,dictatorial_avguncertainty,DuoWrapper,softmax_response,20.32,15.36,0.75591,ood_test
0.7313,0.7279663474352093,0.00037234553856818625,1.1401997988865384,0.08779299259185791,0.8478017159362241,0.10114109147485588,0.061274467858498265,0.6571,0.6295,0.5921,0.5566,0.4608,0.3182,0.0005,0.0005,0.0005,0.0005,Swin_V2_B,ConvNeXt_Base,dictatorial_avguncertainty,DuoWrapper,entropy,20.32,15.36,0.75591,ood_test
0.7313,0.7279663474352093,0.0003750093847884828,1.1514164370486,0.09095499664545059,0.8587308844449152,0.09413922741915101,0.0542726038027934,0.6694,0.6354,0.6058,0.5697,0.5112,0.4518,0.3233,0.0006,0.0006,0.0006,Swin_V2_B,ConvNeXt_Base,dictatorial_weighteduncertainty,DuoWrapper,softmax_response,20.32,15.36,0.75591,ood_test
0.7313,0.7279663474352093,0.0003750093847884828,1.1514164370486,0.09095499664545059,0.85183003019181,0.09935951891553131,0.0594928952991737,0.6585,0.6303,0.603,0.5623,0.4817,0.3841,0.0006,0.0006,0.0006,0.0006,Swin_V2_B,ConvNeXt_Base,dictatorial_weighteduncertainty,DuoWrapper,entropy,20.32,15.36,0.75591,ood_test
0.7458,0.7433065339373004,0.0003750093847884828,1.1514164370486,0.09095499664545059,0.8428636240207158,0.0922045903431228,0.05673338845985648,0.6702,0.6359,0.6058,0.5697,0.5112,0.4518,0.3233,0.0006,0.0006,0.0006,Swin_V2_B,ConvNeXt_Base,temperature_weighted,DuoWrapper,softmax_response,20.32,15.36,0.75591,ood_test
0.7458,0.7433065339373004,0.0003750093847884828,1.1514164370486,0.09095499664545059,0.8353152424096841,0.09751213588726845,0.06204093400400214,0.6588,0.6306,0.603,0.5623,0.4817,0.3841,0.0006,0.0006,0.0006,0.0006,Swin_V2_B,ConvNeXt_Base,temperature_weighted,DuoWrapper,entropy,20.32,15.36,0.75591,ood_test
0.7439,0.741934667282359,0.0003735323140464859,1.1477713591701437,0.07786086946725845,0.8417686812523191,0.09353584356252802,0.05750485856457709,0.6601,0.6305,0.5977,0.5549,0.5068,0.4353,0.331,0.0007,0.0007,0.0007,Swin_V2_B,ConvNeXt_Small,logit_average,DuoWrapper,softmax_response,20.32,8.68,0.42717,ood_test
0.7439,0.741934667282359,0.0003735323140464859,1.1477713591701437,0.07786086946725845,0.82897326735911,0.10015029818960111,0.06411931319165018,0.6524,0.6148,0.5654,0.5229,0.4506,0.3529,0.0007,0.0007,0.0007,0.0007,Swin_V2_B,ConvNeXt_Small,logit_average,DuoWrapper,entropy,20.32,8.68,0.42717,ood_test
0.7313,0.7279663474352093,0.0003735323140464859,1.1477713591701437,0.07786086946725845,0.8529039470726534,0.09587727030005373,0.05601064668369612,0.6595,0.6284,0.5974,0.5546,0.5068,0.4353,0.331,0.0007,0.0007,0.0007,Swin_V2_B,ConvNeXt_Small,dictatorial_avguncertainty,DuoWrapper,softmax_response,20.32,8.68,0.42717,ood_test
0.7313,0.7279663474352093,0.0003735323140464859,1.1477713591701437,0.07786086946725845,0.8427682378719912,0.10195280080129897,0.06208617718494135,0.6466,0.6134,0.5647,0.5225,0.4506,0.3529,0.0007,0.0007,0.0007,0.0007,Swin_V2_B,ConvNeXt_Small,dictatorial_avguncertainty,DuoWrapper,entropy,20.32,8.68,0.42717,ood_test
0.7313,0.7279663474352093,0.00037766944140874904,1.1614043017897377,0.09030972421169281,0.8568024142048428,0.0938105096038136,0.05394388598745598,0.6627,0.6316,0.6035,0.5631,0.5156,0.4489,0.3751,0.0007,0.0007,0.0007,Swin_V2_B,ConvNeXt_Small,dictatorial_weighteduncertainty,DuoWrapper,softmax_response,20.32,8.68,0.42717,ood_test
0.7313,0.7279663474352093,0.00037766944140874904,1.1614043017897377,0.09030972421169281,0.8493233674796747,0.09895137370589879,0.05908475008954118,0.6552,0.6276,0.5888,0.5344,0.4753,0.3931,0.0006,0.0006,0.0006,0.0006,Swin_V2_B,ConvNeXt_Small,dictatorial_weighteduncertainty,DuoWrapper,entropy,20.32,8.68,0.42717,ood_test
0.745,0.7428665720276135,0.00037766944140874904,1.1614043017897377,0.09030972421169281,0.8413928674825635,0.09206186430477306,0.05635555495142822,0.6631,0.6318,0.6035,0.5631,0.5156,0.4489,0.3751,0.0007,0.0007,0.0007,Swin_V2_B,ConvNeXt_Small,temperature_weighted,DuoWrapper,softmax_response,20.32,8.68,0.42717,ood_test
0.745,0.7428665720276135,0.00037766944140874904,1.1614043017897377,0.09030972421169281,0.8332140808001052,0.09730011443422287,0.061593805080878035,0.6561,0.6281,0.5888,0.5344,0.4753,0.3931,0.0006,0.0006,0.0006,0.0006,Swin_V2_B,ConvNeXt_Small,temperature_weighted,DuoWrapper,entropy,20.32,8.68,0.42717,ood_test
0.739,0.7369923493052077,0.000378306958251037,1.1500982336481647,0.08074238896369934,0.8427568060804962,0.0935793257329056,0.056082263831800414,0.6537,0.6231,0.5923,0.5489,0.4853,0.4307,0.2534,0.0482,0.0038,0.0038,Swin_V2_B,ConvNeXt_Tiny,logit_average,DuoWrapper,softmax_response,20.32,4.46,0.21949,ood_test
0.739,0.7369923493052077,0.000378306958251037,1.1500982336481647,0.08074238896369934,0.8312934015626378,0.09962868874992191,0.06213162684881672,0.6403,0.6104,0.5682,0.5093,0.4195,0.2923,0.0526,0.0449,0.0017,0.0017,Swin_V2_B,ConvNeXt_Tiny,logit_average,DuoWrapper,entropy,20.32,4.46,0.21949,ood_test
0.7313,0.7279663474352093,0.000378306958251037,1.1500982336481647,0.08074238896369934,0.8495014588017699,0.09503590224771681,0.055169278631359196,0.6513,0.6224,0.5921,0.5489,0.4853,0.4307,0.2534,0.0482,0.0038,0.0038,Swin_V2_B,ConvNeXt_Tiny,dictatorial_avguncertainty,DuoWrapper,softmax_response,20.32,4.46,0.21949,ood_test
0.7313,0.7279663474352093,0.000378306958251037,1.1500982336481647,0.08074238896369934,0.8396261563149697,0.10074474060504664,0.06087811698868902,0.6395,0.6102,0.5668,0.5093,0.4195,0.2923,0.0526,0.0449,0.0017,0.0017,Swin_V2_B,ConvNeXt_Tiny,dictatorial_avguncertainty,DuoWrapper,entropy,20.32,4.46,0.21949,ood_test
0.7313,0.7279663474352093,0.0003797079297470695,1.1580678402055458,0.08866775780916214,0.8542006625841964,0.09331151657776665,0.053444892961409037,0.6594,0.6305,0.5959,0.5574,0.5027,0.4342,0.2906,0.0517,0.0035,0.0035,Swin_V2_B,ConvNeXt_Tiny,dictatorial_weighteduncertainty,DuoWrapper,softmax_response,20.32,4.46,0.21949,ood_test
0.7313,0.7279663474352093,0.0003797079297470695,1.1580678402055458,0.08866775780916214,0.846110446339754,0.09847992878294444,0.058613305166586825,0.6501,0.6206,0.5805,0.5375,0.4523,0.3523,0.0463,0.0017,0.0017,0.0017,Swin_V2_B,ConvNeXt_Tiny,dictatorial_weighteduncertainty,DuoWrapper,entropy,20.32,4.46,0.21949,ood_test
0.7393,0.7367549551667681,0.0003797079297470695,1.1580678402055458,0.08866775780916214,0.84505270979904,0.09231637515004425,0.054910004570781136,0.6596,0.6314,0.5959,0.5574,0.5027,0.4342,0.2906,0.0517,0.0035,0.0035,Swin_V2_B,ConvNeXt_Tiny,temperature_weighted,DuoWrapper,softmax_response,20.32,4.46,0.21949,ood_test
0.7393,0.7367549551667681,0.0003797079297470695,1.1580678402055458,0.08866775780916214,0.8364908729066065,0.09756449150467249,0.06015812092540938,0.6506,0.6204,0.5802,0.5375,0.4523,0.3523,0.0463,0.0017,0.0017,0.0017,Swin_V2_B,ConvNeXt_Tiny,temperature_weighted,DuoWrapper,entropy,20.32,4.46,0.21949,ood_test
0.7296,0.7270547376474759,0.00038652870210409207,1.1818043483808036,0.06471819430589676,0.8465131507983623,0.09265250485499466,0.05225183521515546,0.6311,0.5965,0.5699,0.5344,0.4874,0.449,0.3731,0.2831,0.0903,0.025,Swin_V2_B,EfficientNet_B0,logit_average,DuoWrapper,softmax_response,20.32,0.39,0.01919,ood_test
0.7296,0.7270547376474759,0.00038652870210409207,1.1818043483808036,0.06471819430589676,0.8328882892790409,0.09791105534130873,0.05751038570146953,0.6115,0.5853,0.5534,0.5152,0.474,0.4063,0.3281,0.2052,0.0511,0.0228,Swin_V2_B,EfficientNet_B0,logit_average,DuoWrapper,entropy,20.32,0.39,0.01919,ood_test
0.7313,0.7279663474352093,0.00038652870210409207,1.1818043483808036,0.06471819430589676,0.8423173225528244,0.09296564136070938,0.053099017744351766,0.6303,0.5965,0.5699,0.5346,0.4938,0.4501,0.3731,0.2831,0.0903,0.025,Swin_V2_B,EfficientNet_B0,dictatorial_avguncertainty,DuoWrapper,softmax_response,20.32,0.39,0.01919,ood_test
0.7313,0.7279663474352093,0.00038652870210409207,1.1818043483808036,0.06471819430589676,0.8290092773899441,0.09812819286148804,0.05826156924513042,0.6096,0.589,0.5539,0.5153,0.4747,0.4063,0.3281,0.2052,0.0511,0.0228,Swin_V2_B,EfficientNet_B0,dictatorial_avguncertainty,DuoWrapper,entropy,20.32,0.39,0.01919,ood_test
0.7313,0.7279663474352093,0.00038411907091343646,1.1700667669988167,0.08179625868797302,0.8526244818646851,0.0896194986285637,0.04975287501220609,0.6485,0.6209,0.5871,0.5469,0.5054,0.4666,0.406,0.2557,0.1113,0.0535,Swin_V2_B,EfficientNet_B0,dictatorial_weighteduncertainty,DuoWrapper,softmax_response,20.32,0.39,0.01919,ood_test
0.7313,0.7279663474352093,0.00038411907091343646,1.1700667669988167,0.08179625868797302,0.8438351827536557,0.09366932900144109,0.05380270538508348,0.6333,0.6054,0.5763,0.541,0.4926,0.4407,0.3714,0.197,0.0661,0.0302,Swin_V2_B,EfficientNet_B0,dictatorial_weighteduncertainty,DuoWrapper,entropy,20.32,0.39,0.01919,ood_test
0.7333,0.7307759878870344,0.00038411907091343646,1.1700667669988167,0.08179625868797302,0.8509328141564467,0.08923982192528195,0.04999642895156552,0.6483,0.6209,0.5871,0.5469,0.5054,0.4666,0.406,0.2557,0.1113,0.0535,Swin_V2_B,EfficientNet_B0,temperature_weighted,DuoWrapper,softmax_response,20.32,0.39,0.01919,ood_test
0.7333,0.7307759878870344,0.00038411907091343646,1.1700667669988167,0.08179625868797302,0.842062894667827,0.09329255920329566,0.05404916622957923,0.6331,0.6054,0.5763,0.541,0.4926,0.4407,0.3714,0.197,0.0661,0.0302,Swin_V2_B,EfficientNet_B0,temperature_weighted,DuoWrapper,entropy,20.32,0.39,0.01919,ood_test
0.7308,0.7280505506623186,0.00038332313547222114,1.1621374136567988,0.07320748269557953,0.8505474927840686,0.09032922533470347,0.0503059399987373,0.6382,0.6094,0.579,0.5447,0.497,0.4465,0.3918,0.338,0.1902,0.0211,Swin_V2_B,EfficientNet_B1,logit_average,DuoWrapper,softmax_response,20.32,0.69,0.03396,ood_test
0.7308,0.7280505506623186,0.00038332313547222114,1.1621374136567988,0.07320748269557953,0.8407240208170167,0.0946561093246799,0.054632823988713726,0.6251,0.6003,0.5689,0.5274,0.4827,0.4334,0.3707,0.2934,0.0271,0.0043,Swin_V2_B,EfficientNet_B1,logit_average,DuoWrapper,entropy,20.32,0.69,0.03396,ood_test
0.7313,0.7279663474352093,0.00038332313547222114,1.1621374136567988,0.07320748269557953,0.8484913586141416,0.09064888016945488,0.05078225655309727,0.6375,0.6059,0.5778,0.5439,0.4969,0.4455,0.3918,0.338,0.1902,0.0211,Swin_V2_B,EfficientNet_B1,dictatorial_avguncertainty,DuoWrapper,softmax_response,20.32,0.69,0.03396,ood_test
0.7313,0.7279663474352093,0.00038332313547222114,1.1621374136567988,0.07320748269557953,0.8401019316458076,0.09463139507288922,0.0547647714565316,0.6244,0.6003,0.5677,0.5268,0.4807,0.4332,0.3707,0.2934,0.0271,0.0043,Swin_V2_B,EfficientNet_B1,dictatorial_avguncertainty,DuoWrapper,entropy,20.32,0.69,0.03396,ood_test
0.7313,0.7279663474352093,0.00038323045077441484,1.1646736578801673,0.08625678718090057,0.8547112979109295,0.0890373004295363,0.04917067681317868,0.6441,0.6179,0.5844,0.5516,0.5168,0.4643,0.3981,0.3272,0.1802,0.0057,Swin_V2_B,EfficientNet_B1,dictatorial_weighteduncertainty,DuoWrapper,softmax_response,20.32,0.69,0.03396,ood_test
0.7313,0.7279663474352093,0.00038323045077441484,1.1646736578801673,0.08625678718090057,0.8486834702703523,0.09243409080651482,0.05256746719015721,0.6376,0.6056,0.5774,0.5434,0.5039,0.4524,0.377,0.2941,0.0265,0.0031,Swin_V2_B,EfficientNet_B1,dictatorial_weighteduncertainty,DuoWrapper,entropy,20.32,0.69,0.03396,ood_test
0.7345,0.7321868406991227,0.00038323045077441484,1.1646736578801673,0.08625678718090057,0.851263103511491,0.08858717046817122,0.049715096624593155,0.6448,0.6181,0.5845,0.5516,0.5168,0.4643,0.3981,0.3272,0.1802,0.0057,Swin_V2_B,EfficientNet_B1,temperature_weighted,DuoWrapper,softmax_response,20.32,0.69,0.03396,ood_test
0.7345,0.7321868406991227,0.00038323045077441484,1.1646736578801673,0.08625678718090057,0.8448227588620569,0.09206806879341232,0.05319599494983426,0.6384,0.6058,0.5777,0.5434,0.5039,0.4524,0.377,0.2941,0.0265,0.0031,Swin_V2_B,EfficientNet_B1,temperature_weighted,DuoWrapper,entropy,20.32,0.69,0.03396,ood_test
0.7352,0.732500442799272,0.000378050027504959,1.14943683487564,0.07108573615550995,0.8498806200668005,0.09049669381981673,0.051840317218601537,0.6471,0.6157,0.5895,0.5502,0.5136,0.4522,0.3927,0.2261,0.016,0.0043,Swin_V2_B,EfficientNet_B2,logit_average,DuoWrapper,softmax_response,20.32,1.09,0.05364,ood_test
0.7352,0.732500442799272,0.000378050027504959,1.14943683487564,0.07108573615550995,0.8386557421948198,0.09576063351292921,0.057104256911714016,0.6331,0.598,0.5726,0.5372,0.4957,0.4308,0.2833,0.0367,0.0105,0.0032,Swin_V2_B,EfficientNet_B2,logit_average,DuoWrapper,entropy,20.32,1.09,0.05364,ood_test
0.7313,0.7279663474352093,0.000378050027504959,1.14943683487564,0.07108573615550995,0.8509496753465682,0.09178502092707838,0.05191839731072077,0.6453,0.6135,0.588,0.5502,0.5136,0.4522,0.3927,0.2261,0.016,0.0043,Swin_V2_B,EfficientNet_B2,dictatorial_avguncertainty,DuoWrapper,softmax_response,20.32,1.09,0.05364,ood_test
0.7313,0.7279663474352093,0.000378050027504959,1.14943683487564,0.07108573615550995,0.8408434826387805,0.09680049862454097,0.05693387500818336,0.6331,0.5968,0.5726,0.5382,0.4957,0.4308,0.2833,0.0367,0.0105,0.0032,Swin_V2_B,EfficientNet_B2,dictatorial_avguncertainty,DuoWrapper,entropy,20.32,1.09,0.05364,ood_test
0.7313,0.7279663474352093,0.0003789071891692207,1.152623769000417,0.08204402774572372,0.8569619050473762,0.0902172844375255,0.05035066082116788,0.6574,0.6302,0.5984,0.5644,0.512,0.4671,0.4168,0.2089,0.0202,0.0035,Swin_V2_B,EfficientNet_B2,dictatorial_weighteduncertainty,DuoWrapper,softmax_response,20.32,1.09,0.05364,ood_test
0.7313,0.7279663474352093,0.0003789071891692207,1.152623769000417,0.08204402774572372,0.8499685318562602,0.09447505027414069,0.05460842665778307,0.6498,0.6148,0.5916,0.5602,0.5023,0.4335,0.3478,0.014,0.0114,0.0028,Swin_V2_B,EfficientNet_B2,dictatorial_weighteduncertainty,DuoWrapper,entropy,20.32,1.09,0.05364,ood_test
0.7377,0.7352343847282048,0.0003789071891692207,1.152623769000417,0.08204402774572372,0.8502236526538084,0.08930572985969017,0.05141426428805755,0.6574,0.6302,0.5984,0.5644,0.512,0.4671,0.4168,0.2089,0.0202,0.0035,Swin_V2_B,EfficientNet_B2,temperature_weighted,DuoWrapper,softmax_response,20.32,1.09,0.05364,ood_test
0.7377,0.7352343847282048,0.0003789071891692207,1.152623769000417,0.08204402774572372,0.8431137086133546,0.0935478397620074,0.05565637419037478,0.6493,0.6145,0.5916,0.5602,0.5023,0.4335,0.3478,0.014,0.0114,0.0028,Swin_V2_B,EfficientNet_B2,temperature_weighted,DuoWrapper,entropy,20.32,1.09,0.05364,ood_test
0.7418,0.7388265986498991,0.0003735623655599081,1.1346300150692714,0.07337019592523575,0.847624265425925,0.08782423798660698,0.05116889890262032,0.6609,0.6348,0.6067,0.5672,0.5245,0.4745,0.3959,0.1567,0.0867,0.0408,Swin_V2_B,EfficientNet_B3,logit_average,DuoWrapper,softmax_response,20.32,1.83,0.09006,ood_test
0.7418,0.7388265986498991,0.0003735623655599081,1.1346300150692714,0.07337019592523575,0.8389629794923854,0.09272111998384701,0.056065780899860355,0.6542,0.6234,0.5928,0.5564,0.5185,0.4177,0.2535,0.0641,0.0332,0.003,Swin_V2_B,EfficientNet_B3,logit_average,DuoWrapper,entropy,20.32,1.83,0.09006,ood_test
0.7313,0.7279663474352093,0.0003735623655599081,1.1346300150692714,0.07337019592523575,0.8555521617243251,0.09008769181882632,0.05022106820246871,0.6554,0.6337,0.6057,0.566,0.5245,0.4745,0.3959,0.1567,0.0867,0.0408,Swin_V2_B,EfficientNet_B3,dictatorial_avguncertainty,DuoWrapper,softmax_response,20.32,1.83,0.09006,ood_test
0.7313,0.7279663474352093,0.0003735623655599081,1.1346300150692714,0.07337019592523575,0.848355480965908,0.09469656320690564,0.05482993959054803,0.6525,0.6216,0.5919,0.5563,0.5185,0.4177,0.2535,0.0641,0.0332,0.003,Swin_V2_B,EfficientNet_B3,dictatorial_avguncertainty,DuoWrapper,entropy,20.32,1.83,0.09006,ood_test
0.7313,0.7279663474352093,0.0003773740866180597,1.1473251767215398,0.08949264883995056,0.8598286944178358,0.08849595861725525,0.04862933500089763,0.6623,0.6339,0.6058,0.5754,0.5308,0.4784,0.4021,0.2439,0.0667,0.0049,Swin_V2_B,EfficientNet_B3,dictatorial_weighteduncertainty,DuoWrapper,softmax_response,20.32,1.83,0.09006,ood_test
0.7313,0.7279663474352093,0.0003773740866180597,1.1473251767215398,0.08949264883995056,0.8546583463405223,0.09241162307338344,0.05254499945702582,0.6597,0.6312,0.6003,0.5691,0.5255,0.435,0.3015,0.0747,0.0058,0.0051,Swin_V2_B,EfficientNet_B3,dictatorial_weighteduncertainty,DuoWrapper,entropy,20.32,1.83,0.09006,ood_test
0.742,0.7394357473931691,0.0003773740866180597,1.1473251767215398,0.08949264883995056,0.8491924455170395,0.0868380522225483,0.05024243130185511,0.6631,0.6356,0.6058,0.5754,0.5308,0.4784,0.4021,0.2439,0.0667,0.0049,Swin_V2_B,EfficientNet_B3,temperature_weighted,DuoWrapper,softmax_response,20.32,1.83,0.09006,ood_test
0.742,0.7394357473931691,0.0003773740866180597,1.1473251767215398,0.08949264883995056,0.8438110125577216,0.09074739978863641,0.05415177886794322,0.6607,0.6313,0.6003,0.5691,0.5255,0.435,0.3015,0.0747,0.0058,0.0051,Swin_V2_B,EfficientNet_B3,temperature_weighted,DuoWrapper,entropy,20.32,1.83,0.09006,ood_test
0.747,0.7443462907092812,0.0003650149204886084,1.104261980874912,0.07867986708879471,0.8528130440073866,0.08563715507298585,0.0505170056715011,0.6747,0.6468,0.6143,0.5868,0.5528,0.4829,0.4061,0.2881,0.0005,0.0005,Swin_V2_B,EfficientNet_B4,logit_average,DuoWrapper,softmax_response,20.32,4.39,0.21604,ood_test
0.747,0.7443462907092812,0.0003650149204886084,1.104261980874912,0.07867986708879471,0.8439744220624263,0.09023199666277623,0.05511184726129149,0.6672,0.6406,0.614,0.5727,0.5258,0.4441,0.341,0.0038,0.0005,0.0005,Swin_V2_B,EfficientNet_B4,logit_average,DuoWrapper,entropy,20.32,4.39,0.21604,ood_test
0.7313,0.7279663474352093,0.0003650149204886084,1.104261980874912,0.07867986708879471,0.8647393482483565,0.08892077075356511,0.049054147137207495,0.6707,0.6428,0.612,0.585,0.5504,0.4829,0.4061,0.2881,0.0005,0.0005,Swin_V2_B,EfficientNet_B4,dictatorial_avguncertainty,DuoWrapper,softmax_response,20.32,4.39,0.21604,ood_test
0.7313,0.7279663474352093,0.0003650149204886084,1.104261980874912,0.07867986708879471,0.8580395114898292,0.09309357425085094,0.05322695063449332,0.6644,0.6378,0.6121,0.572,0.5252,0.4441,0.341,0.0038,0.0005,0.0005,Swin_V2_B,EfficientNet_B4,dictatorial_avguncertainty,DuoWrapper,entropy,20.32,4.39,0.21604,ood_test
0.7313,0.7279663474352093,0.00036771711495556437,1.111408014148592,0.08971114456653595,0.8647944372199718,0.08849096137418355,0.04862433775782594,0.6694,0.644,0.6126,0.5852,0.554,0.4863,0.4177,0.3039,0.0005,0.0005,Swin_V2_B,EfficientNet_B4,dictatorial_weighteduncertainty,DuoWrapper,softmax_response,20.32,4.39,0.21604,ood_test
0.7313,0.7279663474352093,0.00036771711495556437,1.111408014148592,0.08971114456653595,0.8598770149522921,0.0919427364923403,0.05207611287598269,0.6692,0.639,0.6134,0.5731,0.5337,0.4604,0.3534,0.0043,0.0006,0.0006,Swin_V2_B,EfficientNet_B4,dictatorial_weighteduncertainty,DuoWrapper,entropy,20.32,4.39,0.21604,ood_test
0.7471,0.7444807390289693,0.00036771711495556437,1.111408014148592,0.08971114456653595,0.8532747342710517,0.08506477779929665,0.04997379571382242,0.6753,0.6461,0.6143,0.5886,0.5556,0.4863,0.4177,0.3039,0.0005,0.0005,Swin_V2_B,EfficientNet_B4,temperature_weighted,DuoWrapper,softmax_response,20.32,4.39,0.21604,ood_test
0.7471,0.7444807390289693,0.00036771711495556437,1.111408014148592,0.08971114456653595,0.8462203054393689,0.08895835138464213,0.0538673692991679,0.6725,0.6434,0.6152,0.5735,0.5346,0.4604,0.3534,0.0043,0.0006,0.0006,Swin_V2_B,EfficientNet_B4,temperature_weighted,DuoWrapper,entropy,20.32,4.39,0.21604,ood_test
0.7482,0.7457210969290756,0.00036431577911079426,1.0928940552767124,0.08016006648540497,0.8535985969185459,0.08331189293734592,0.048540868305976016,0.6776,0.6506,0.6223,0.5847,0.5443,0.499,0.4288,0.3146,0.0017,0.0017,Swin_V2_B,EfficientNet_B5,logit_average,DuoWrapper,softmax_response,20.32,10.27,0.50541,ood_test
0.7482,0.7457210969290756,0.00036431577911079426,1.0928940552767124,0.08016006648540497,0.8467816537821564,0.087703707306911,0.0529326826755411,0.6782,0.6484,0.6201,0.5802,0.5402,0.4807,0.3629,0.1477,0.0016,0.0016,Swin_V2_B,EfficientNet_B5,logit_average,DuoWrapper,entropy,20.32,10.27,0.50541,ood_test
0.7313,0.7279663474352093,0.00036431577911079426,1.0928940552767124,0.08016006648540497,0.8672825503430504,0.08660484099489527,0.04673821737853765,0.6747,0.6481,0.6205,0.5843,0.5443,0.499,0.4288,0.3146,0.0017,0.0017,Swin_V2_B,EfficientNet_B5,dictatorial_avguncertainty,DuoWrapper,softmax_response,20.32,10.27,0.50541,ood_test
0.7313,0.7279663474352093,0.00036431577911079426,1.0928940552767124,0.08016006648540497,0.862633371926996,0.09054821237190863,0.05068158875555102,0.6728,0.6453,0.6191,0.5793,0.5402,0.4807,0.3629,0.1477,0.0016,0.0016,Swin_V2_B,EfficientNet_B5,dictatorial_avguncertainty,DuoWrapper,entropy,20.32,10.27,0.50541,ood_test
0.7313,0.7279663474352093,0.0003656619242624364,1.0952099004460694,0.08587351441383362,0.8640820973768438,0.0868656993898541,0.04699907577349648,0.6682,0.646,0.6127,0.5791,0.5317,0.5005,0.4278,0.3004,0.0155,0.0021,Swin_V2_B,EfficientNet_B5,dictatorial_weighteduncertainty,DuoWrapper,softmax_response,20.32,10.27,0.50541,ood_test
0.7313,0.7279663474352093,0.0003656619242624364,1.0952099004460694,0.08587351441383362,0.8606414412272427,0.0902686479975545,0.05040202438119689,0.6673,0.644,0.6114,0.576,0.5244,0.4862,0.3639,0.1761,0.002,0.002,Swin_V2_B,EfficientNet_B5,dictatorial_weighteduncertainty,DuoWrapper,entropy,20.32,10.27,0.50541,ood_test
0.7486,0.746224613103889,0.0003656619242624364,1.0952099004460694,0.08587351441383362,0.8534384842690179,0.08264344894288103,0.047988371389176575,0.6789,0.6517,0.6183,0.5836,0.5339,0.5014,0.4278,0.3004,0.0155,0.0021,Swin_V2_B,EfficientNet_B5,temperature_weighted,DuoWrapper,softmax_response,20.32,10.27,0.50541,ood_test
0.7486,0.746224613103889,0.0003656619242624364,1.0952099004460694,0.08587351441383362,0.8477321549151097,0.086546779744893,0.05189170219118854,0.6741,0.6489,0.6168,0.5798,0.5269,0.4862,0.3639,0.1761,0.002,0.002,Swin_V2_B,EfficientNet_B5,temperature_weighted,DuoWrapper,entropy,20.32,10.27,0.50541,ood_test
0.7516,0.7491923590556796,0.00036048502647105556,1.0721354656973314,0.07524199783802032,0.8529538755325193,0.08252461357285512,0.048732334255696196,0.6853,0.6568,0.6293,0.5925,0.5598,0.5081,0.4348,0.3474,0.0018,0.0018,Swin_V2_B,EfficientNet_B6,logit_average,DuoWrapper,softmax_response,20.32,19.07,0.93848,ood_test
0.7516,0.7491923590556796,0.00036048502647105556,1.0721354656973314,0.07524199783802032,0.8465939329430548,0.0864816006877442,0.052689321370585275,0.6811,0.659,0.6218,0.5901,0.5471,0.4821,0.401,0.1767,0.0015,0.0015,Swin_V2_B,EfficientNet_B6,logit_average,DuoWrapper,entropy,20.32,19.07,0.93848,ood_test
0.7313,0.7279663474352093,0.00036048502647105556,1.0721354656973314,0.07524199783802032,0.8711961574004641,0.08604253362371303,0.046175910007355415,0.6797,0.655,0.6284,0.5921,0.5589,0.507,0.4348,0.3474,0.0018,0.0018,Swin_V2_B,EfficientNet_B6,dictatorial_avguncertainty,DuoWrapper,softmax_response,20.32,19.07,0.93848,ood_test
0.7313,0.7279663474352093,0.00036048502647105556,1.0721354656973314,0.07524199783802032,0.8667373603634518,0.08962220713801117,0.04975558352165355,0.6781,0.6567,0.6215,0.5882,0.5461,0.4784,0.401,0.1767,0.0015,0.0015,Swin_V2_B,EfficientNet_B6,dictatorial_avguncertainty,DuoWrapper,entropy,20.32,19.07,0.93848,ood_test
0.7313,0.7279663474352093,0.0003605988106000066,1.0677510561163264,0.08022225648164749,0.8686371029134763,0.08578697237866385,0.04592034876230624,0.6717,0.6493,0.6241,0.5925,0.5529,0.5065,0.4319,0.3601,0.003,0.003,Swin_V2_B,EfficientNet_B6,dictatorial_weighteduncertainty,DuoWrapper,softmax_response,20.32,19.07,0.93848,ood_test
0.7313,0.7279663474352093,0.0003605988106000066,1.0677510561163264,0.08022225648164749,0.8651855307505621,0.08903807281064685,0.049171449194289236,0.6815,0.6515,0.6182,0.5838,0.5482,0.475,0.4039,0.1987,0.0022,0.0022,Swin_V2_B,EfficientNet_B6,dictatorial_weighteduncertainty,DuoWrapper,entropy,20.32,19.07,0.93848,ood_test
0.7529,0.749996325294514,0.0003605988106000066,1.0677510561163264,0.08022225648164749,0.8524538518510834,0.08120436717961796,0.047782245553743566,0.6863,0.6576,0.629,0.5953,0.5573,0.5076,0.436,0.3601,0.003,0.003,Swin_V2_B,EfficientNet_B6,temperature_weighted,DuoWrapper,softmax_response,20.32,19.07,0.93848,ood_test
0.7529,0.749996325294514,0.0003605988106000066,1.0677510561163264,0.08022225648164749,0.8465875022891387,0.08496075130690094,0.05153862968102654,0.6858,0.6625,0.6239,0.5874,0.5491,0.4817,0.4057,0.1987,0.0022,0.0022,Swin_V2_B,EfficientNet_B6,temperature_weighted,DuoWrapper,entropy,20.32,19.07,0.93848,ood_test
0.7128,0.710302311856777,0.00040671817634285956,1.2617262882743576,0.04274144023656845,0.8340604132082196,0.10459510011074977,0.05870231901989129,0.5702,0.5335,0.4983,0.4591,0.4212,0.371,0.3114,0.2438,0.112,0.0151,Swin_V2_B,MNASNet0_5,logit_average,DuoWrapper,softmax_response,20.32,0.1,0.00492,ood_test
0.7128,0.710302311856777,0.00040671817634285956,1.2617262882743576,0.04274144023656845,0.8025895219996311,0.11534399132379701,0.06945121023293854,0.5156,0.4848,0.449,0.4164,0.3746,0.3304,0.2808,0.2167,0.0872,0.0146,Swin_V2_B,MNASNet0_5,logit_average,DuoWrapper,entropy,20.32,0.1,0.00492,ood_test
0.7313,0.7279663474352093,0.00040671817634285956,1.2617262882743576,0.04274144023656845,0.8148217679656586,0.10147458419656959,0.06160796058021197,0.5724,0.538,0.4998,0.4577,0.4212,0.371,0.3114,0.2438,0.112,0.0151,Swin_V2_B,MNASNet0_5,dictatorial_avguncertainty,DuoWrapper,softmax_response,20.32,0.1,0.00492,ood_test
0.7313,0.7279663474352093,0.00040671817634285956,1.2617262882743576,0.04274144023656845,0.7866075885580027,0.11093032542471878,0.07106370180836116,0.5232,0.4891,0.4554,0.4209,0.3771,0.3304,0.2808,0.2167,0.0872,0.0146,Swin_V2_B,MNASNet0_5,dictatorial_avguncertainty,DuoWrapper,entropy,20.32,0.1,0.00492,ood_test
0.7313,0.7279663474352093,0.000389671791296045,1.190816421500697,0.07182422280311584,0.8410449835931557,0.09322247519762049,0.053355851581262874,0.6215,0.5913,0.5548,0.5187,0.4719,0.4309,0.3486,0.2753,0.1526,0.0716,Swin_V2_B,MNASNet0_5,dictatorial_weighteduncertainty,DuoWrapper,softmax_response,20.32,0.1,0.00492,ood_test
0.7313,0.7279663474352093,0.000389671791296045,1.190816421500697,0.07182422280311584,0.823309642615831,0.09966519928945583,0.059798575673098216,0.5934,0.5498,0.5144,0.474,0.4277,0.3825,0.3112,0.2256,0.1215,0.0056,Swin_V2_B,MNASNet0_5,dictatorial_weighteduncertainty,DuoWrapper,entropy,20.32,0.1,0.00492,ood_test
0.7261,0.7235512422348088,0.000389671791296045,1.190816421500697,0.07182422280311584,0.8472244073890434,0.09382986299084466,0.05231720395135441,0.6215,0.5913,0.5548,0.5187,0.4719,0.4309,0.3486,0.2753,0.1526,0.0716,Swin_V2_B,MNASNet0_5,temperature_weighted,DuoWrapper,softmax_response,20.32,0.1,0.00492,ood_test
0.7261,0.7235512422348088,0.000389671791296045,1.190816421500697,0.07182422280311584,0.8285293771145732,0.10056418585766172,0.059051526818171475,0.5942,0.5492,0.5144,0.474,0.4277,0.3825,0.3112,0.2256,0.1215,0.0056,Swin_V2_B,MNASNet0_5,temperature_weighted,DuoWrapper,entropy,20.32,0.1,0.00492,ood_test
0.7193,0.7167689595191178,0.00039673304362459945,1.21142485143035,0.04455561190843582,0.8368177835485169,0.10141369719756807,0.05769229774156408,0.5889,0.5583,0.514,0.478,0.4396,0.3925,0.3203,0.2115,0.1316,0.0018,Swin_V2_B,MNASNet0_75,logit_average,DuoWrapper,softmax_response,20.32,0.21,0.01033,ood_test
0.7193,0.7167689595191178,0.00039673304362459945,1.21142485143035,0.04455561190843582,0.807058043556676,0.1118483440375411,0.0681269445815371,0.5335,0.5056,0.4738,0.4353,0.3945,0.3424,0.2687,0.1744,0.0361,0.0019,Swin_V2_B,MNASNet0_75,logit_average,DuoWrapper,entropy,20.32,0.21,0.01033,ood_test
0.7313,0.7279663474352093,0.00039673304362459945,1.21142485143035,0.04455561190843582,0.8231832560467716,0.099713875741828,0.05984725212547038,0.5901,0.558,0.5165,0.478,0.4405,0.3928,0.3203,0.2115,0.1316,0.0018,Swin_V2_B,MNASNet0_75,dictatorial_avguncertainty,DuoWrapper,softmax_response,20.32,0.21,0.01033,ood_test
0.7313,0.7279663474352093,0.00039673304362459945,1.21142485143035,0.04455561190843582,0.7972822027609014,0.10892962892403504,0.06906300530767742,0.5344,0.5081,0.474,0.4347,0.394,0.3382,0.2687,0.1744,0.0361,0.0019,Swin_V2_B,MNASNet0_75,dictatorial_avguncertainty,DuoWrapper,entropy,20.32,0.21,0.01033,ood_test
0.7313,0.7279663474352093,0.00038606154579251214,1.1740558828552878,0.0717238336801529,0.8441049533204299,0.09330882426233485,0.05344220064597723,0.6317,0.6026,0.5656,0.523,0.4776,0.4164,0.3504,0.248,0.1102,0.0023,Swin_V2_B,MNASNet0_75,dictatorial_weighteduncertainty,DuoWrapper,softmax_response,20.32,0.21,0.01033,ood_test
0.7313,0.7279663474352093,0.00038606154579251214,1.1740558828552878,0.0717238336801529,0.8280355384681072,0.09969676658908755,0.059830142972729934,0.6021,0.5678,0.5267,0.486,0.4379,0.3834,0.2818,0.1569,0.0454,0.0022,Swin_V2_B,MNASNet0_75,dictatorial_weighteduncertainty,DuoWrapper,entropy,20.32,0.21,0.01033,ood_test
0.7304,0.7277507745529884,0.00038606154579251214,1.1740558828552878,0.0717238336801529,0.8447515446192648,0.09351003212638137,0.05336117112052879,0.6317,0.6025,0.5655,0.523,0.4776,0.4164,0.3504,0.248,0.1102,0.0023,Swin_V2_B,MNASNet0_75,temperature_weighted,DuoWrapper,softmax_response,20.32,0.21,0.01033,ood_test
0.7304,0.7277507745529884,0.00038606154579251214,1.1740558828552878,0.0717238336801529,0.8279223753660447,0.10008806153797371,0.05993920053212113,0.6018,0.5679,0.5266,0.4836,0.4379,0.3834,0.2818,0.1569,0.0454,0.0022,Swin_V2_B,MNASNet0_75,temperature_weighted,DuoWrapper,entropy,20.32,0.21,0.01033,ood_test
0.7203,0.7175152018262757,0.00039307424294860496,1.1851293991020462,0.055104728788137436,0.8468916464165434,0.09558570311908055,0.05219313562439221,0.6176,0.5926,0.556,0.5045,0.4591,0.4113,0.357,0.2902,0.2221,0.0211,Swin_V2_B,MNASNet1_0,logit_average,DuoWrapper,softmax_response,20.32,0.31,0.01526,ood_test
0.7203,0.7175152018262757,0.00039307424294860496,1.1851293991020462,0.055104728788137436,0.8243059403356099,0.1026110030332793,0.05921843553859097,0.5726,0.5451,0.5151,0.4816,0.4441,0.3861,0.3364,0.2705,0.2156,0.0155,Swin_V2_B,MNASNet1_0,logit_average,DuoWrapper,entropy,20.32,0.31,0.01526,ood_test
0.7313,0.7279663474352093,0.00039307424294860496,1.1851293991020462,0.055104728788137436,0.8354169517595164,0.09385456755825544,0.05398794394189783,0.6185,0.5939,0.5569,0.5066,0.4626,0.4136,0.357,0.2902,0.2221,0.0211,Swin_V2_B,MNASNet1_0,dictatorial_avguncertainty,DuoWrapper,softmax_response,20.32,0.31,0.01526,ood_test
0.7313,0.7279663474352093,0.00039307424294860496,1.1851293991020462,0.055104728788137436,0.8165623759066843,0.09973412938071821,0.0598675057643606,0.5794,0.549,0.517,0.4837,0.4484,0.3861,0.3364,0.2705,0.2156,0.0155,Swin_V2_B,MNASNet1_0,dictatorial_avguncertainty,DuoWrapper,entropy,20.32,0.31,0.01526,ood_test
0.7313,0.7279663474352093,0.0003834932485190894,1.1491600448147457,0.06679114699363708,0.8493376168210626,0.0896681102824984,0.04980148666614078,0.6382,0.6102,0.5804,0.5445,0.4901,0.4392,0.3811,0.3042,0.2165,0.1138,Swin_V2_B,MNASNet1_0,dictatorial_weighteduncertainty,DuoWrapper,softmax_response,20.32,0.31,0.01526,ood_test
0.7313,0.7279663474352093,0.0003834932485190894,1.1491600448147457,0.06679114699363708,0.8339637224999797,0.09499432796802576,0.055127704351668146,0.6102,0.5808,0.5432,0.508,0.4636,0.4161,0.3536,0.2634,0.1934,0.016,Swin_V2_B,MNASNet1_0,dictatorial_weighteduncertainty,DuoWrapper,entropy,20.32,0.31,0.01526,ood_test
0.7308,0.7280913226254755,0.0003834932485190894,1.1491600448147457,0.06679114699363708,0.8495082075374256,0.08982692099918356,0.04980363566321739,0.6381,0.6092,0.5803,0.5445,0.4901,0.4392,0.3811,0.3042,0.2165,0.1138,Swin_V2_B,MNASNet1_0,temperature_weighted,DuoWrapper,softmax_response,20.32,0.31,0.01526,ood_test
0.7308,0.7280913226254755,0.0003834932485190894,1.1491600448147457,0.06679114699363708,0.8332668975602059,0.09540223318731737,0.0553789478513512,0.6087,0.5789,0.5432,0.508,0.4636,0.4161,0.3536,0.2634,0.1934,0.016,Swin_V2_B,MNASNet1_0,temperature_weighted,DuoWrapper,entropy,20.32,0.31,0.01526,ood_test
0.7256,0.7226867700723424,0.00038993651974650735,1.1898080357706746,0.061958037316799164,0.8408911012822202,0.09854408642459227,0.056871196427886544,0.6134,0.5861,0.5569,0.5062,0.4635,0.4033,0.3288,0.1569,0.0167,0.0107,Swin_V2_B,MNASNet1_3,logit_average,DuoWrapper,softmax_response,20.32,0.53,0.02608,ood_test
0.7256,0.7226867700723424,0.00038993651974650735,1.1898080357706746,0.061958037316799164,0.8193668414759194,0.10660162586217041,0.06492873586546469,0.5784,0.5459,0.513,0.4764,0.4206,0.3269,0.2162,0.0779,0.0159,0.0006,Swin_V2_B,MNASNet1_3,logit_average,DuoWrapper,entropy,20.32,0.53,0.02608,ood_test
0.7313,0.7279663474352093,0.00038993651974650735,1.1898080357706746,0.061958037316799164,0.8339357327222537,0.09790568152197027,0.05803905790561265,0.6142,0.5865,0.5572,0.5078,0.4661,0.4033,0.3288,0.1569,0.0167,0.0107,Swin_V2_B,MNASNet1_3,dictatorial_avguncertainty,DuoWrapper,softmax_response,20.32,0.53,0.02608,ood_test
0.7313,0.7279663474352093,0.00038993651974650735,1.1898080357706746,0.061958037316799164,0.8153547951145725,0.10514351907136722,0.06527689545500961,0.5791,0.5502,0.5134,0.4764,0.4206,0.3269,0.2162,0.0779,0.0159,0.0006,Swin_V2_B,MNASNet1_3,dictatorial_avguncertainty,DuoWrapper,entropy,20.32,0.53,0.02608,ood_test
0.7313,0.7279663474352093,0.0003856166843264226,1.1750239320117206,0.08268962800502777,0.8475491209148729,0.09309607198431638,0.053229448367958766,0.6397,0.6096,0.5777,0.541,0.4926,0.4423,0.3585,0.182,0.0251,0.0012,Swin_V2_B,MNASNet1_3,dictatorial_weighteduncertainty,DuoWrapper,softmax_response,20.32,0.53,0.02608,ood_test
0.7313,0.7279663474352093,0.0003856166843264226,1.1750239320117206,0.08268962800502777,0.8367546595728018,0.09800355503498445,0.05813693141862684,0.6237,0.5913,0.5576,0.5221,0.4604,0.3977,0.2434,0.1175,0.0164,0.0011,Swin_V2_B,MNASNet1_3,dictatorial_weighteduncertainty,DuoWrapper,entropy,20.32,0.53,0.02608,ood_test
0.732,0.729094005746534,0.0003856166843264226,1.1750239320117206,0.08268962800502777,0.8467221015822526,0.09300858334691418,0.05336071187059196,0.6396,0.6096,0.5777,0.541,0.4926,0.4423,0.3585,0.182,0.0251,0.0012,Swin_V2_B,MNASNet1_3,temperature_weighted,DuoWrapper,softmax_response,20.32,0.53,0.02608,ood_test
0.732,0.729094005746534,0.0003856166843264226,1.1750239320117206,0.08268962800502777,0.8341823668542533,0.09833410984301975,0.05868623836669753,0.6235,0.5913,0.5569,0.5221,0.4604,0.3977,0.2434,0.1175,0.0164,0.0011,Swin_V2_B,MNASNet1_3,temperature_weighted,DuoWrapper,entropy,20.32,0.53,0.02608,ood_test
0.739,0.736275875284037,0.0003720546224676736,1.1531321502541407,0.07703105360269547,0.8545212542578509,0.0890568986655259,0.051559836764420705,0.6667,0.6417,0.6054,0.575,0.5321,0.4854,0.3678,0.1861,0.004,0.004,Swin_V2_B,RegNet_X_16GF,logit_average,DuoWrapper,softmax_response,20.32,15.94,0.78445,ood_test
0.739,0.736275875284037,0.0003720546224676736,1.1531321502541407,0.07703105360269547,0.8442921209670311,0.09421053359783627,0.05671347169673108,0.6597,0.6301,0.5957,0.5544,0.5187,0.4382,0.2881,0.0044,0.0033,0.0033,Swin_V2_B,RegNet_X_16GF,logit_average,DuoWrapper,entropy,20.32,15.94,0.78445,ood_test
0.7313,0.7279663474352093,0.0003720546224676736,1.1531321502541407,0.07703105360269547,0.8585753376165157,0.0911293431489213,0.05126271953256368,0.6663,0.6391,0.6048,0.5733,0.5317,0.4841,0.3678,0.1861,0.004,0.004,Swin_V2_B,RegNet_X_16GF,dictatorial_avguncertainty,DuoWrapper,softmax_response,20.32,15.94,0.78445,ood_test
0.7313,0.7279663474352093,0.0003720546224676736,1.1531321502541407,0.07703105360269547,0.8501131372260939,0.09592158415820114,0.05605496054184352,0.6562,0.628,0.5957,0.5535,0.5171,0.4381,0.2881,0.0044,0.0033,0.0033,Swin_V2_B,RegNet_X_16GF,dictatorial_avguncertainty,DuoWrapper,entropy,20.32,15.94,0.78445,ood_test
0.7313,0.7279663474352093,0.0003745814653554898,1.157471276626639,0.08539874851703644,0.8624119982304355,0.08978696027896742,0.0499203366626098,0.6731,0.6378,0.6053,0.5755,0.5378,0.4863,0.3756,0.2045,0.0054,0.003,Swin_V2_B,RegNet_X_16GF,dictatorial_weighteduncertainty,DuoWrapper,softmax_response,20.32,15.94,0.78445,ood_test
0.7313,0.7279663474352093,0.0003745814653554898,1.157471276626639,0.08539874851703644,0.855914985579412,0.09413132168711713,0.054264698070759516,0.6573,0.6323,0.5985,0.5632,0.5203,0.4682,0.3407,0.0056,0.0056,0.0027,Swin_V2_B,RegNet_X_16GF,dictatorial_weighteduncertainty,DuoWrapper,entropy,20.32,15.94,0.78445,ood_test
0.7384,0.7352413639497303,0.0003745814653554898,1.157471276626639,0.08539874851703644,0.8563049632480841,0.08848367953842434,0.050804869585573724,0.6731,0.6378,0.6053,0.5755,0.5378,0.4863,0.3756,0.2045,0.0054,0.003,Swin_V2_B,RegNet_X_16GF,temperature_weighted,DuoWrapper,softmax_response,20.32,15.94,0.78445,ood_test
0.7384,0.7352413639497303,0.0003745814653554898,1.157471276626639,0.08539874851703644,0.8489816294260506,0.09298626578327612,0.055307455830425505,0.6601,0.6323,0.5985,0.5632,0.5203,0.4682,0.3407,0.0056,0.0056,0.0027,Swin_V2_B,RegNet_X_16GF,temperature_weighted,DuoWrapper,entropy,20.32,15.94,0.78445,ood_test
0.7281,0.7258773539975707,0.00038631509137127256,1.1810788330164306,0.07663051038980484,0.8474093524794288,0.09615662975280298,0.05528145385765392,0.6344,0.6035,0.5713,0.5274,0.4761,0.4044,0.3353,0.102,0.0057,0.0028,Swin_V2_B,RegNet_X_1_6GF,logit_average,DuoWrapper,softmax_response,20.32,1.6,0.07874,ood_test
0.7281,0.7258773539975707,0.00038631509137127256,1.1810788330164306,0.07663051038980484,0.8308513965143979,0.10312077108957791,0.062245595194428856,0.6053,0.5758,0.547,0.5006,0.4235,0.3285,0.2251,0.0075,0.0058,0.0026,Swin_V2_B,RegNet_X_1_6GF,logit_average,DuoWrapper,entropy,20.32,1.6,0.07874,ood_test
0.7313,0.7279663474352093,0.00038631509137127256,1.1810788330164306,0.07663051038980484,0.8402148067858011,0.096574359654005,0.05670773603764739,0.6343,0.6035,0.5713,0.5276,0.4761,0.4044,0.3353,0.102,0.0057,0.0028,Swin_V2_B,RegNet_X_1_6GF,dictatorial_avguncertainty,DuoWrapper,softmax_response,20.32,1.6,0.07874,ood_test
0.7313,0.7279663474352093,0.00038631509137127256,1.1810788330164306,0.07663051038980484,0.8266249808969768,0.10275712674738666,0.06289050313102904,0.6088,0.578,0.5493,0.5048,0.4267,0.3285,0.2251,0.0075,0.0058,0.0026,Swin_V2_B,RegNet_X_1_6GF,dictatorial_avguncertainty,DuoWrapper,entropy,20.32,1.6,0.07874,ood_test
0.7313,0.7279663474352093,0.00038407190580187935,1.1752123141757977,0.08583194017410278,0.8497936466359772,0.09321934760766995,0.053352723991312336,0.6435,0.6149,0.5807,0.5405,0.4961,0.4464,0.3539,0.1368,0.0067,0.0032,Swin_V2_B,RegNet_X_1_6GF,dictatorial_weighteduncertainty,DuoWrapper,softmax_response,20.32,1.6,0.07874,ood_test
0.7313,0.7279663474352093,0.00038407190580187935,1.1752123141757977,0.08583194017410278,0.8400327460043193,0.09820641088582406,0.058339787269466446,0.6301,0.5971,0.5621,0.5282,0.4673,0.3878,0.2263,0.0073,0.0056,0.0023,Swin_V2_B,RegNet_X_1_6GF,dictatorial_weighteduncertainty,DuoWrapper,entropy,20.32,1.6,0.07874,ood_test
0.7354,0.7330493367523623,0.00038407190580187935,1.1752123141757977,0.08583194017410278,0.8457686809652698,0.09256619595962697,0.053971324698509356,0.6435,0.6149,0.5807,0.5405,0.4961,0.4464,0.3539,0.1368,0.0067,0.0032,Swin_V2_B,RegNet_X_1_6GF,temperature_weighted,DuoWrapper,softmax_response,20.32,1.6,0.07874,ood_test
0.7354,0.7330493367523623,0.00038407190580187935,1.1752123141757977,0.08583194017410278,0.8354206019276535,0.09766093641647661,0.059066065155359,0.6296,0.5968,0.5621,0.5282,0.4673,0.3878,0.2263,0.0073,0.0056,0.0023,Swin_V2_B,RegNet_X_1_6GF,temperature_weighted,DuoWrapper,entropy,20.32,1.6,0.07874,ood_test
0.7334,0.7310133723878767,0.00038177790733737985,1.166916171257649,0.07903353869915009,0.8504908900391175,0.09170959501105924,0.05249722025731095,0.6483,0.6228,0.5957,0.5559,0.5136,0.4638,0.3852,0.2869,0.0167,0.013,Swin_V2_B,RegNet_X_3_2GF,logit_average,DuoWrapper,softmax_response,20.32,3.18,0.1565,ood_test
0.7334,0.7310133723878767,0.00038177790733737985,1.166916171257649,0.07903353869915009,0.8395576532529642,0.09688209695061104,0.05766972219686274,0.6382,0.6113,0.5756,0.5367,0.4874,0.4304,0.3555,0.0113,0.011,0.0062,Swin_V2_B,RegNet_X_3_2GF,logit_average,DuoWrapper,entropy,20.32,3.18,0.1565,ood_test
0.7313,0.7279663474352093,0.00038177790733737985,1.166916171257649,0.07903353869915009,0.8500716105740496,0.09266153942836515,0.052794915812007535,0.6472,0.6205,0.5956,0.5559,0.5105,0.4638,0.3852,0.2869,0.0167,0.013,Swin_V2_B,RegNet_X_3_2GF,dictatorial_avguncertainty,DuoWrapper,softmax_response,20.32,3.18,0.1565,ood_test
0.7313,0.7279663474352093,0.00038177790733737985,1.166916171257649,0.07903353869915009,0.8406418290128906,0.09749516202676707,0.057628538410409456,0.6382,0.6116,0.5764,0.5368,0.4874,0.4286,0.3555,0.0113,0.011,0.0062,Swin_V2_B,RegNet_X_3_2GF,dictatorial_avguncertainty,DuoWrapper,entropy,20.32,3.18,0.1565,ood_test
0.7313,0.7279663474352093,0.00038141963221407273,1.166159535938096,0.08837556093931198,0.8564347557517848,0.09026545496791345,0.05039883135155584,0.6566,0.6316,0.6004,0.5594,0.5262,0.4801,0.3933,0.2834,0.0217,0.0088,Swin_V2_B,RegNet_X_3_2GF,dictatorial_weighteduncertainty,DuoWrapper,softmax_response,20.32,3.18,0.1565,ood_test
0.7313,0.7279663474352093,0.00038141963221407273,1.166159535938096,0.08837556093931198,0.8492471843937549,0.09465429663056368,0.05478767301420607,0.6493,0.6193,0.5871,0.549,0.5152,0.4394,0.3308,0.0252,0.0115,0.0067,Swin_V2_B,RegNet_X_3_2GF,dictatorial_weighteduncertainty,DuoWrapper,entropy,20.32,3.18,0.1565,ood_test
0.7375,0.7347184929095957,0.00038141963221407273,1.166159535938096,0.08837556093931198,0.8499907409200969,0.08935687334348075,0.051404527050360506,0.6567,0.6317,0.6004,0.5594,0.5262,0.4801,0.3933,0.2834,0.0217,0.0088,Swin_V2_B,RegNet_X_3_2GF,temperature_weighted,DuoWrapper,softmax_response,20.32,3.18,0.1565,ood_test
0.7375,0.7347184929095957,0.00038141963221407273,1.166159535938096,0.08837556093931198,0.8423573333333334,0.09383254101048508,0.055880194717364835,0.6486,0.6193,0.5867,0.549,0.5152,0.4394,0.3308,0.0252,0.0115,0.0067,Swin_V2_B,RegNet_X_3_2GF,temperature_weighted,DuoWrapper,entropy,20.32,3.18,0.1565,ood_test
0.7212,0.7191200777994934,0.0003963353686276225,1.2199991150582434,0.05368952080607414,0.8407488396113285,0.09989216515716313,0.05679435936697019,0.6012,0.5725,0.5416,0.5086,0.4739,0.417,0.3583,0.2079,0.007,0.0048,Swin_V2_B,RegNet_X_400MF,logit_average,DuoWrapper,softmax_response,20.32,0.41,0.02018,ood_test
0.7212,0.7191200777994934,0.0003963353686276225,1.2199991150582434,0.05368952080607414,0.8210107436911699,0.10738888629003514,0.0642910804998422,0.5786,0.5496,0.5128,0.4877,0.449,0.3644,0.2946,0.1101,0.0059,0.0031,Swin_V2_B,RegNet_X_400MF,logit_average,DuoWrapper,entropy,20.32,0.41,0.02018,ood_test
0.7313,0.7279663474352093,0.0003963353686276225,1.2199991150582434,0.05368952080607414,0.8281816451078372,0.09882035468404017,0.058953731067682556,0.6003,0.5717,0.5411,0.5076,0.4751,0.417,0.3583,0.2079,0.007,0.0048,Swin_V2_B,RegNet_X_400MF,dictatorial_avguncertainty,DuoWrapper,softmax_response,20.32,0.41,0.02018,ood_test
0.7313,0.7279663474352093,0.0003963353686276225,1.2199991150582434,0.05368952080607414,0.8113837581223154,0.1054367964066136,0.06557017279025598,0.5761,0.5479,0.5128,0.4881,0.456,0.3651,0.2946,0.1101,0.0059,0.0031,Swin_V2_B,RegNet_X_400MF,dictatorial_avguncertainty,DuoWrapper,entropy,20.32,0.41,0.02018,ood_test
0.7313,0.7279663474352093,0.0003883322501333818,1.1901136701014512,0.0791323333978653,0.8452904476333905,0.09313595773854341,0.0532693341221858,0.6349,0.6057,0.5734,0.5335,0.4978,0.4449,0.3732,0.282,0.0223,0.0037,Swin_V2_B,RegNet_X_400MF,dictatorial_weighteduncertainty,DuoWrapper,softmax_response,20.32,0.41,0.02018,ood_test
0.7313,0.7279663474352093,0.0003883322501333818,1.1901136701014512,0.0791323333978653,0.8354297252762604,0.09782516961684033,0.05795854600048272,0.6147,0.5882,0.5603,0.5274,0.4751,0.4109,0.3304,0.0904,0.0108,0.0027,Swin_V2_B,RegNet_X_400MF,dictatorial_weighteduncertainty,DuoWrapper,entropy,20.32,0.41,0.02018,ood_test
0.7324,0.7298998208908073,0.0003883322501333818,1.1901136701014512,0.0791323333978653,0.8443521218199437,0.09290998285772968,0.05338681201674481,0.6349,0.6057,0.5734,0.5335,0.4978,0.4449,0.3732,0.282,0.0223,0.0037,Swin_V2_B,RegNet_X_400MF,temperature_weighted,DuoWrapper,softmax_response,20.32,0.41,0.02018,ood_test
0.7324,0.7298998208908073,0.0003883322501333818,1.1901136701014512,0.0791323333978653,0.8336238580043578,0.09780244035096375,0.05827926950997888,0.6144,0.588,0.5603,0.5274,0.4751,0.4109,0.3304,0.0904,0.0108,0.0027,Swin_V2_B,RegNet_X_400MF,temperature_weighted,DuoWrapper,entropy,20.32,0.41,0.02018,ood_test
0.7236,0.7211880528496558,0.0003928920260412727,1.2120245499039437,0.07536669820547104,0.847151973290006,0.09786666401164022,0.0555494023838668,0.6244,0.5935,0.5631,0.5258,0.4893,0.4162,0.3423,0.0367,0.006,0.0045,Swin_V2_B,RegNet_X_800MF,logit_average,DuoWrapper,softmax_response,20.32,0.8,0.03937,ood_test
0.7236,0.7211880528496558,0.0003928920260412727,1.2120245499039437,0.07536669820547104,0.8316175844127169,0.10456409726512501,0.06224683563735159,0.6032,0.5721,0.5491,0.5134,0.4574,0.3603,0.1893,0.0054,0.0054,0.0049,Swin_V2_B,RegNet_X_800MF,logit_average,DuoWrapper,entropy,20.32,0.8,0.03937,ood_test
0.7313,0.7279663474352093,0.0003928920260412727,1.2120245499039437,0.07536669820547104,0.8364592910820343,0.0973300123123924,0.05746338869603478,0.6221,0.5931,0.5619,0.5258,0.4894,0.4162,0.3423,0.0367,0.006,0.0045,Swin_V2_B,RegNet_X_800MF,dictatorial_avguncertainty,DuoWrapper,softmax_response,20.32,0.8,0.03937,ood_test
0.7313,0.7279663474352093,0.0003928920260412727,1.2120245499039437,0.07536669820547104,0.8222284992832836,0.10364965954312906,0.06378303592677145,0.6032,0.5714,0.5474,0.5134,0.4574,0.3603,0.1893,0.0054,0.0054,0.0049,Swin_V2_B,RegNet_X_800MF,dictatorial_avguncertainty,DuoWrapper,entropy,20.32,0.8,0.03937,ood_test
0.7313,0.7279663474352093,0.0003863054338880211,1.187574440547612,0.0840996727347374,0.8480676188246217,0.09374824835272481,0.0538816247363672,0.6425,0.6129,0.5784,0.5487,0.5077,0.4422,0.3608,0.069,0.0151,0.0045,Swin_V2_B,RegNet_X_800MF,dictatorial_weighteduncertainty,DuoWrapper,softmax_response,20.32,0.8,0.03937,ood_test
0.7313,0.7279663474352093,0.0003863054338880211,1.187574440547612,0.0840996727347374,0.8381335378045969,0.09897511151564556,0.059108487899287944,0.6291,0.6008,0.5728,0.5406,0.4838,0.3887,0.2256,0.0102,0.0039,0.0039,Swin_V2_B,RegNet_X_800MF,dictatorial_weighteduncertainty,DuoWrapper,entropy,20.32,0.8,0.03937,ood_test
0.7316,0.7291439911502241,0.0003863054338880211,1.187574440547612,0.0840996727347374,0.8482193856390541,0.09360276852634539,0.05382997783544064,0.6424,0.6129,0.5784,0.5487,0.5077,0.4422,0.3608,0.069,0.0151,0.0045,Swin_V2_B,RegNet_X_800MF,temperature_weighted,DuoWrapper,softmax_response,20.32,0.8,0.03937,ood_test
0.7316,0.7291439911502241,0.0003863054338880211,1.187574440547612,0.0840996727347374,0.8378582373402843,0.09891257517912938,0.059139784488224635,0.6292,0.6008,0.5728,0.5406,0.4838,0.3887,0.2256,0.0102,0.0039,0.0039,Swin_V2_B,RegNet_X_800MF,temperature_weighted,DuoWrapper,entropy,20.32,0.8,0.03937,ood_test
0.7373,0.7347456657338656,0.0003795403374177042,1.174849870583319,0.07836005836725235,0.8472929836746809,0.09215803601357968,0.05414475476168318,0.6537,0.6216,0.592,0.5632,0.5177,0.4503,0.3794,0.1559,0.0079,0.0043,Swin_V2_B,RegNet_X_8GF,logit_average,DuoWrapper,softmax_response,20.32,8.0,0.3937,ood_test
0.7373,0.7347456657338656,0.0003795403374177042,1.174849870583319,0.07836005836725235,0.8373750850010824,0.09720127085932655,0.05918798960743005,0.6362,0.6128,0.582,0.5444,0.4935,0.4285,0.234,0.0087,0.0086,0.0037,Swin_V2_B,RegNet_X_8GF,logit_average,DuoWrapper,entropy,20.32,8.0,0.3937,ood_test
0.7313,0.7279663474352093,0.0003795403374177042,1.174849870583319,0.07836005836725235,0.8511639752629397,0.09360172742423126,0.05373510380787364,0.6498,0.6201,0.5906,0.5611,0.5212,0.4581,0.3833,0.1559,0.0079,0.0043,Swin_V2_B,RegNet_X_8GF,dictatorial_avguncertainty,DuoWrapper,softmax_response,20.32,8.0,0.3937,ood_test
0.7313,0.7279663474352093,0.0003795403374177042,1.174849870583319,0.07836005836725235,0.8427021819965577,0.09824623527356985,0.058379611657212234,0.6366,0.6123,0.5821,0.5436,0.4953,0.4307,0.274,0.0087,0.0086,0.0037,Swin_V2_B,RegNet_X_8GF,dictatorial_avguncertainty,DuoWrapper,entropy,20.32,8.0,0.3937,ood_test
0.7313,0.7279663474352093,0.0003782681833361995,1.168836025552309,0.08176609128713608,0.8577307842415108,0.09155709636483063,0.051690472748473014,0.6566,0.6327,0.6008,0.5708,0.5235,0.4753,0.3771,0.2113,0.0062,0.0015,Swin_V2_B,RegNet_X_8GF,dictatorial_weighteduncertainty,DuoWrapper,softmax_response,20.32,8.0,0.3937,ood_test
0.7313,0.7279663474352093,0.0003782681833361995,1.168836025552309,0.08176609128713608,0.849940643859544,0.09624884063080248,0.05638221701444487,0.6522,0.6235,0.5894,0.5578,0.509,0.4375,0.317,0.0081,0.0051,0.0011,Swin_V2_B,RegNet_X_8GF,dictatorial_weighteduncertainty,DuoWrapper,entropy,20.32,8.0,0.3937,ood_test
0.738,0.7350482880032475,0.0003782681833361995,1.168836025552309,0.08176609128713608,0.8505436862574733,0.09064056005481075,0.05284031390265715,0.6566,0.6325,0.5982,0.5708,0.5235,0.4753,0.3771,0.2113,0.0062,0.0015,Swin_V2_B,RegNet_X_8GF,temperature_weighted,DuoWrapper,softmax_response,20.32,8.0,0.3937,ood_test
0.738,0.7350482880032475,0.0003782681833361995,1.168836025552309,0.08176609128713608,0.8425485115538178,0.09535199004854947,0.05755174389639587,0.6521,0.6226,0.589,0.5573,0.509,0.4375,0.317,0.0081,0.0051,0.0011,Swin_V2_B,RegNet_X_8GF,temperature_weighted,DuoWrapper,entropy,20.32,8.0,0.3937,ood_test
0.7433,0.741138779170059,0.00037361930171992905,1.1537586348267506,0.0801328793168068,0.8416259920921405,0.09491311794216303,0.058704351715458854,0.6671,0.6364,0.5993,0.5529,0.492,0.4421,0.0056,0.0055,0.0055,0.0022,Swin_V2_B,ResNeXt101_32X8D,logit_average,DuoWrapper,softmax_response,20.32,16.41,0.80758,ood_test
0.7433,0.741138779170059,0.00037361930171992905,1.1537586348267506,0.0801328793168068,0.8280338508753775,0.10268563130895818,0.066476865082254,0.6531,0.6201,0.5802,0.5096,0.4412,0.0052,0.0052,0.0025,0.0025,0.0025,Swin_V2_B,ResNeXt101_32X8D,logit_average,DuoWrapper,entropy,20.32,16.41,0.80758,ood_test
0.7313,0.7279663474352093,0.00037361930171992905,1.1537586348267506,0.0801328793168068,0.8505255284330087,0.09759157360170248,0.057724949985344866,0.6622,0.6358,0.5957,0.552,0.4918,0.4352,0.0056,0.0055,0.0055,0.0022,Swin_V2_B,ResNeXt101_32X8D,dictatorial_avguncertainty,DuoWrapper,softmax_response,20.32,16.41,0.80758,ood_test
0.7313,0.7279663474352093,0.00037361930171992905,1.1537586348267506,0.0801328793168068,0.8381043775452568,0.10526308864382174,0.06539646502746413,0.6531,0.617,0.5713,0.5089,0.441,0.0052,0.0052,0.0025,0.0025,0.0025,Swin_V2_B,ResNeXt101_32X8D,dictatorial_avguncertainty,DuoWrapper,entropy,20.32,16.41,0.80758,ood_test
0.7313,0.7279663474352093,0.000374223909849137,1.154282508066002,0.08352857828140259,0.8527810210579313,0.09645654764306971,0.0565899240267121,0.6643,0.6369,0.5981,0.5584,0.5024,0.4442,0.0048,0.0048,0.0025,0.0025,Swin_V2_B,ResNeXt101_32X8D,dictatorial_weighteduncertainty,DuoWrapper,softmax_response,20.32,16.41,0.80758,ood_test
0.7313,0.7279663474352093,0.000374223909849137,1.154282508066002,0.08352857828140259,0.8413650848693317,0.10360974254738073,0.06374311893102311,0.6559,0.6214,0.5835,0.5148,0.4581,0.0049,0.0035,0.0035,0.0026,0.0026,Swin_V2_B,ResNeXt101_32X8D,dictatorial_weighteduncertainty,DuoWrapper,entropy,20.32,16.41,0.80758,ood_test
0.744,0.7419097806045172,0.000374223909849137,1.154282508066002,0.08352857828140259,0.8421584918934811,0.09394497211237404,0.05794357025933534,0.6665,0.6394,0.5985,0.5586,0.5025,0.4446,0.0048,0.0048,0.0025,0.0025,Swin_V2_B,ResNeXt101_32X8D,temperature_weighted,DuoWrapper,softmax_response,20.32,16.41,0.80758,ood_test
0.744,0.7419097806045172,0.000374223909849137,1.154282508066002,0.08352857828140259,0.8300581474714381,0.10112088896603631,0.06511948711299761,0.6561,0.6226,0.5853,0.5152,0.4582,0.0049,0.0035,0.0035,0.0026,0.0026,Swin_V2_B,ResNeXt101_32X8D,temperature_weighted,DuoWrapper,entropy,20.32,16.41,0.80758,ood_test
0.7419,0.7398987911318181,0.00037249387971319227,1.136548153277314,0.07845558971166611,0.8457128280796153,0.0929452384391925,0.05631976517630533,0.6682,0.6418,0.6092,0.5634,0.5069,0.4363,0.3193,0.0026,0.0026,0.0026,Swin_V2_B,ResNeXt101_64X4D,logit_average,DuoWrapper,softmax_response,20.32,15.46,0.76083,ood_test
0.7419,0.7398987911318181,0.00037249387971319227,1.136548153277314,0.07845558971166611,0.8298863421712861,0.10082159179562089,0.06419611853273371,0.6465,0.6196,0.5755,0.5366,0.4462,0.1652,0.0034,0.0034,0.0019,0.0019,Swin_V2_B,ResNeXt101_64X4D,logit_average,DuoWrapper,entropy,20.32,15.46,0.76083,ood_test
0.7313,0.7279663474352093,0.00037249387971319227,1.136548153277314,0.07845558971166611,0.8548453943914898,0.09497533145506193,0.055108707838704314,0.6633,0.6403,0.6054,0.5631,0.5055,0.4363,0.3193,0.0026,0.0026,0.0026,Swin_V2_B,ResNeXt101_64X4D,dictatorial_avguncertainty,DuoWrapper,softmax_response,20.32,15.46,0.76083,ood_test
0.7313,0.7279663474352093,0.00037249387971319227,1.136548153277314,0.07845558971166611,0.8415353136084112,0.10235724782289704,0.062490624206539426,0.6448,0.6184,0.5745,0.5343,0.446,0.1652,0.0034,0.0034,0.0019,0.0019,Swin_V2_B,ResNeXt101_64X4D,dictatorial_avguncertainty,DuoWrapper,entropy,20.32,15.46,0.76083,ood_test
0.7313,0.7279663474352093,0.0003768873734286667,1.1504371124430193,0.09399688243865967,0.8599551318774001,0.0924104571901348,0.052543833573777184,0.6632,0.6395,0.6082,0.5733,0.5223,0.4615,0.3591,0.0023,0.0023,0.0023,Swin_V2_B,ResNeXt101_64X4D,dictatorial_weighteduncertainty,DuoWrapper,softmax_response,20.32,15.46,0.76083,ood_test
0.7313,0.7279663474352093,0.0003768873734286667,1.1504371124430193,0.09399688243865967,0.8509750951537939,0.09792892057076846,0.05806229695441085,0.6584,0.6286,0.5977,0.5508,0.4986,0.3775,0.0032,0.0021,0.0021,0.0021,Swin_V2_B,ResNeXt101_64X4D,dictatorial_weighteduncertainty,DuoWrapper,entropy,20.32,15.46,0.76083,ood_test
0.7415,0.7390196764269583,0.0003768873734286667,1.1504371124430193,0.09399688243865967,0.8491535402518028,0.09097769996193043,0.05423268252303924,0.6634,0.6396,0.6083,0.5733,0.5223,0.4615,0.3591,0.0023,0.0023,0.0023,Swin_V2_B,ResNeXt101_64X4D,temperature_weighted,DuoWrapper,softmax_response,20.32,15.46,0.76083,ood_test
0.7415,0.7390196764269583,0.0003768873734286667,1.1504371124430193,0.09399688243865967,0.8387941740760209,0.09675187798926536,0.06000686055037417,0.6589,0.6293,0.5978,0.5508,0.4986,0.3775,0.0032,0.0021,0.0021,0.0021,Swin_V2_B,ResNeXt101_64X4D,temperature_weighted,DuoWrapper,entropy,20.32,15.46,0.76083,ood_test
0.7312,0.7285523634004973,0.0003840240630074073,1.1934856711303243,0.076334148645401,0.8484165533093024,0.09677317045902395,0.05687524185478397,0.6479,0.6185,0.5893,0.5437,0.5067,0.4434,0.3591,0.0036,0.0019,0.0019,Swin_V2_B,ResNeXt50_32X4D,logit_average,DuoWrapper,softmax_response,20.32,4.23,0.20817,ood_test
0.7312,0.7285523634004973,0.0003840240630074073,1.1934856711303243,0.076334148645401,0.836689382912629,0.10221280525219534,0.06231487664795536,0.6343,0.6036,0.5708,0.5243,0.4786,0.385,0.0077,0.0017,0.0017,0.0017,Swin_V2_B,ResNeXt50_32X4D,logit_average,DuoWrapper,entropy,20.32,4.23,0.20817,ood_test
0.7313,0.7279663474352093,0.0003840240630074073,1.1934856711303243,0.076334148645401,0.8445603215587802,0.09784110139552103,0.05797447777916342,0.6456,0.6178,0.5876,0.5415,0.5042,0.4414,0.356,0.0036,0.0019,0.0019,Swin_V2_B,ResNeXt50_32X4D,dictatorial_avguncertainty,DuoWrapper,softmax_response,20.32,4.23,0.20817,ood_test
0.7313,0.7279663474352093,0.0003840240630074073,1.1934856711303243,0.076334148645401,0.835122702859858,0.10277649885931346,0.06290987524295585,0.6351,0.6036,0.5677,0.5227,0.4742,0.3841,0.0077,0.0017,0.0017,0.0017,Swin_V2_B,ResNeXt50_32X4D,dictatorial_avguncertainty,DuoWrapper,entropy,20.32,4.23,0.20817,ood_test
0.7313,0.7279663474352093,0.00038460843225519636,1.1892417344215322,0.09304577857255936,0.8518053991874109,0.0946403517807035,0.054773728164345885,0.6611,0.6334,0.5966,0.5544,0.5079,0.4649,0.3659,0.0178,0.0055,0.0014,Swin_V2_B,ResNeXt50_32X4D,dictatorial_weighteduncertainty,DuoWrapper,softmax_response,20.32,4.23,0.20817,ood_test
0.7313,0.7279663474352093,0.00038460843225519636,1.1892417344215322,0.09304577857255936,0.8456279789075142,0.09882178944668502,0.0589551658303274,0.6471,0.6199,0.5872,0.5453,0.4911,0.435,0.0056,0.0053,0.0053,0.0011,Swin_V2_B,ResNeXt50_32X4D,dictatorial_weighteduncertainty,DuoWrapper,entropy,20.32,4.23,0.20817,ood_test
0.7346,0.7320094609781956,0.00038460843225519636,1.1892417344215322,0.09304577857255936,0.8498813671364246,0.09378674764649067,0.054945528523968626,0.6617,0.6339,0.5968,0.5552,0.5084,0.467,0.3659,0.0178,0.0055,0.0014,Swin_V2_B,ResNeXt50_32X4D,temperature_weighted,DuoWrapper,softmax_response,20.32,4.23,0.20817,ood_test
0.7346,0.7320094609781956,0.00038460843225519636,1.1892417344215322,0.09304577857255936,0.8425497905139256,0.09819995195450562,0.05935873283198358,0.6486,0.6203,0.5873,0.5458,0.4935,0.4405,0.2851,0.0053,0.0053,0.0011,Swin_V2_B,ResNeXt50_32X4D,temperature_weighted,DuoWrapper,entropy,20.32,4.23,0.20817,ood_test
0.733,0.7304818208164903,0.00038042660145713557,1.1719516643086003,0.08202118426561356,0.8537154273392911,0.09184233825145208,0.05250580878849006,0.6506,0.6262,0.5992,0.5617,0.521,0.4642,0.3619,0.1576,0.0062,0.0054,Swin_V2_B,ResNet101,logit_average,DuoWrapper,softmax_response,20.32,7.8,0.38386,ood_test
0.733,0.7304818208164903,0.00038042660145713557,1.1719516643086003,0.08202118426561356,0.8433179024173398,0.09735438102807585,0.05801785156511383,0.6452,0.6164,0.5884,0.5532,0.499,0.4304,0.2926,0.0045,0.0042,0.0042,Swin_V2_B,ResNet101,logit_average,DuoWrapper,entropy,20.32,7.8,0.38386,ood_test
0.7313,0.7279663474352093,0.00038042660145713557,1.1719516643086003,0.08202118426561356,0.851420437962668,0.09309508170087089,0.05322845808451327,0.6493,0.6241,0.5985,0.5609,0.5204,0.463,0.3619,0.1576,0.0062,0.0054,Swin_V2_B,ResNet101,dictatorial_avguncertainty,DuoWrapper,softmax_response,20.32,7.8,0.38386,ood_test
0.7313,0.7279663474352093,0.00038042660145713557,1.1719516643086003,0.08202118426561356,0.8430681356176994,0.09816472414658924,0.05829810053023162,0.6446,0.6156,0.5867,0.5519,0.4974,0.4225,0.2926,0.0045,0.0042,0.0042,Swin_V2_B,ResNet101,dictatorial_avguncertainty,DuoWrapper,entropy,20.32,7.8,0.38386,ood_test
0.7313,0.7279663474352093,0.00038223996826532023,1.1755097958682414,0.09608307480812073,0.8573227696180226,0.09051387911264025,0.050647255496282635,0.6582,0.6289,0.5972,0.5688,0.5234,0.4646,0.3903,0.2522,0.0025,0.0025,Swin_V2_B,ResNet101,dictatorial_weighteduncertainty,DuoWrapper,softmax_response,20.32,7.8,0.38386,ood_test
0.7313,0.7279663474352093,0.00038223996826532023,1.1755097958682414,0.09608307480812073,0.8511520414395274,0.09464483679557349,0.05477821317921588,0.6496,0.6212,0.5941,0.5547,0.5069,0.4431,0.3302,0.0016,0.0016,0.0016,Swin_V2_B,ResNet101,dictatorial_weighteduncertainty,DuoWrapper,entropy,20.32,7.8,0.38386,ood_test
0.7362,0.733567579962137,0.00038223996826532023,1.1755097958682414,0.09608307480812073,0.8537395893384445,0.08945067181639352,0.05110127814183094,0.6591,0.6291,0.5974,0.5691,0.5234,0.4646,0.3903,0.2522,0.0025,0.0025,Swin_V2_B,ResNet101,temperature_weighted,DuoWrapper,softmax_response,20.32,7.8,0.38386,ood_test
0.7362,0.733567579962137,0.00038223996826532023,1.1755097958682414,0.09608307480812073,0.8461667901415358,0.09387109666905377,0.0555217029944912,0.6507,0.6237,0.5947,0.5559,0.5069,0.4431,0.3302,0.0016,0.0016,0.0016,Swin_V2_B,ResNet101,temperature_weighted,DuoWrapper,entropy,20.32,7.8,0.38386,ood_test
0.7401,0.737843394035603,0.00037700555379349205,1.1606533601717326,0.08024336397647858,0.8489478325646643,0.0908387600383982,0.05367363796055014,0.6652,0.6328,0.6014,0.569,0.5334,0.4829,0.3828,0.1704,0.0005,0.0005,Swin_V2_B,ResNet152,logit_average,DuoWrapper,softmax_response,20.32,11.51,0.56644,ood_test
0.7401,0.737843394035603,0.00037700555379349205,1.1606533601717326,0.08024336397647858,0.8407488791771793,0.09645944747909169,0.059294325401243624,0.6588,0.6264,0.5976,0.5621,0.5228,0.4463,0.2779,0.0004,0.0004,0.0004,Swin_V2_B,ResNet152,logit_average,DuoWrapper,entropy,20.32,11.51,0.56644,ood_test
0.7313,0.7279663474352093,0.00037700555379349205,1.1606533601717326,0.08024336397647858,0.856256791655952,0.09257385858206035,0.05270723496570274,0.6612,0.6325,0.6003,0.5666,0.5329,0.4816,0.3806,0.1704,0.0005,0.0005,Swin_V2_B,ResNet152,dictatorial_avguncertainty,DuoWrapper,softmax_response,20.32,11.51,0.56644,ood_test
0.7313,0.7279663474352093,0.00037700555379349205,1.1606533601717326,0.08024336397647858,0.8493704666420119,0.09797744221564182,0.05811081859928421,0.6592,0.6261,0.5965,0.5595,0.5219,0.4432,0.2383,0.0004,0.0004,0.0004,Swin_V2_B,ResNet152,dictatorial_avguncertainty,DuoWrapper,entropy,20.32,11.51,0.56644,ood_test
0.7313,0.7279663474352093,0.0003802345951331346,1.1680180822401882,0.09425705671310425,0.8612257405599004,0.09031260238969137,0.050445978773333754,0.6644,0.6351,0.6019,0.5702,0.5386,0.4843,0.4153,0.3042,0.0004,0.0004,Swin_V2_B,ResNet152,dictatorial_weighteduncertainty,DuoWrapper,softmax_response,20.32,11.51,0.56644,ood_test
0.7313,0.7279663474352093,0.0003802345951331346,1.1680180822401882,0.09425705671310425,0.8560522118260271,0.09458051396462451,0.054713890348266896,0.6651,0.6302,0.6001,0.566,0.5224,0.463,0.3503,0.0003,0.0003,0.0003,Swin_V2_B,ResNet152,dictatorial_weighteduncertainty,DuoWrapper,entropy,20.32,11.51,0.56644,ood_test
0.7422,0.7401558215234975,0.0003802345951331346,1.1680180822401882,0.09425705671310425,0.8487624018000288,0.08899269592803491,0.05245673926227891,0.6648,0.6356,0.6026,0.5704,0.5386,0.4843,0.4153,0.3042,0.0004,0.0004,Swin_V2_B,ResNet152,temperature_weighted,DuoWrapper,softmax_response,20.32,11.51,0.56644,ood_test
0.7422,0.7401558215234975,0.0003802345951331346,1.1680180822401882,0.09425705671310425,0.8433743777280093,0.09327271950457147,0.05673676283881547,0.6676,0.6307,0.6002,0.5662,0.5234,0.463,0.3503,0.0003,0.0003,0.0003,Swin_V2_B,ResNet152,temperature_weighted,DuoWrapper,entropy,20.32,11.51,0.56644,ood_test
0.7326,0.7304543062978485,0.0003799756925118207,1.1654250684506169,0.07270234078168869,0.851095962352507,0.09250253381130871,0.05304163135808598,0.6501,0.6226,0.5967,0.5638,0.5205,0.4563,0.3535,0.0768,0.0165,0.0012,Swin_V2_B,ResNet50,logit_average,DuoWrapper,softmax_response,20.32,4.09,0.20128,ood_test
0.7326,0.7304543062978485,0.0003799756925118207,1.1654250684506169,0.07270234078168869,0.8386850166954879,0.09853930065167003,0.059078398198447304,0.6361,0.6101,0.5807,0.5407,0.4902,0.4166,0.2957,0.0126,0.0118,0.0011,Swin_V2_B,ResNet50,logit_average,DuoWrapper,entropy,20.32,4.09,0.20128,ood_test
0.7313,0.7279663474352093,0.0003799756925118207,1.1654250684506169,0.07270234078168869,0.8504520425438515,0.09317245815897016,0.05330583454261254,0.6486,0.6224,0.596,0.5618,0.5194,0.4563,0.3535,0.0768,0.0165,0.0012,Swin_V2_B,ResNet50,dictatorial_avguncertainty,DuoWrapper,softmax_response,20.32,4.09,0.20128,ood_test
0.7313,0.7279663474352093,0.0003799756925118207,1.1654250684506169,0.07270234078168869,0.8391245031623615,0.0989542102431189,0.059087586626761286,0.6348,0.6097,0.5813,0.5406,0.4902,0.4166,0.2957,0.0126,0.0118,0.0011,Swin_V2_B,ResNet50,dictatorial_avguncertainty,DuoWrapper,entropy,20.32,4.09,0.20128,ood_test
0.7313,0.7279663474352093,0.00038218140272455124,1.1706878388484299,0.09002944827079773,0.8559904053077576,0.09097377081729618,0.05110714720093857,0.6528,0.6278,0.6016,0.561,0.524,0.4689,0.3979,0.2839,0.0169,0.0008,Swin_V2_B,ResNet50,dictatorial_weighteduncertainty,DuoWrapper,softmax_response,20.32,4.09,0.20128,ood_test
0.7313,0.7279663474352093,0.00038218140272455124,1.1706878388484299,0.09002944827079773,0.8487873377909683,0.09532707909226615,0.055460455475908534,0.6474,0.6209,0.588,0.5529,0.5095,0.4345,0.3186,0.0072,0.0007,0.0007,Swin_V2_B,ResNet50,dictatorial_weighteduncertainty,DuoWrapper,entropy,20.32,4.09,0.20128,ood_test
0.7363,0.7338818887912112,0.00038218140272455124,1.1706878388484299,0.09002944827079773,0.8506437217398164,0.09027295830832022,0.051954188187999066,0.6541,0.6292,0.6017,0.561,0.524,0.4689,0.3979,0.2839,0.0169,0.0008,Swin_V2_B,ResNet50,temperature_weighted,DuoWrapper,softmax_response,20.32,4.09,0.20128,ood_test
0.7363,0.7338818887912112,0.00038218140272455124,1.1706878388484299,0.09002944827079773,0.8430911488434599,0.0946960600996346,0.056377289979313454,0.6476,0.6218,0.5881,0.5529,0.5095,0.4345,0.3186,0.0072,0.0007,0.0007,Swin_V2_B,ResNet50,temperature_weighted,DuoWrapper,entropy,20.32,4.09,0.20128,ood_test
0.7116,0.7095638553347453,0.0004162157527978027,1.3223948533596765,0.03800908103585243,0.8160908072605423,0.11241906824948035,0.06611895120987941,0.5349,0.5005,0.4488,0.4163,0.3618,0.3127,0.2445,0.2023,0.1428,0.0221,Swin_V2_B,ShuffleNet_V2_X0_5,logit_average,DuoWrapper,softmax_response,20.32,0.04,0.00197,ood_test
0.7116,0.7095638553347453,0.0004162157527978027,1.3223948533596765,0.03800908103585243,0.7728516990875984,0.12745309451770248,0.08115297747810155,0.4468,0.4182,0.3888,0.3579,0.3125,0.2603,0.2064,0.1569,0.0815,0.0214,Swin_V2_B,ShuffleNet_V2_X0_5,logit_average,DuoWrapper,entropy,20.32,0.04,0.00197,ood_test
0.7313,0.7279663474352093,0.0004162157527978027,1.3223948533596765,0.03800908103585243,0.796482153132481,0.10867628817892641,0.06880966456256879,0.5334,0.5005,0.4478,0.416,0.3612,0.3127,0.2445,0.2023,0.1428,0.0221,Swin_V2_B,ShuffleNet_V2_X0_5,dictatorial_avguncertainty,DuoWrapper,softmax_response,20.32,0.04,0.00197,ood_test
0.7313,0.7279663474352093,0.0004162157527978027,1.3223948533596765,0.03800908103585243,0.7570610957305868,0.12210407094936496,0.08223744733300734,0.4488,0.4212,0.3874,0.3572,0.3101,0.2603,0.2064,0.1569,0.0815,0.0214,Swin_V2_B,ShuffleNet_V2_X0_5,dictatorial_avguncertainty,DuoWrapper,entropy,20.32,0.04,0.00197,ood_test
0.7313,0.7279663474352093,0.0003928427083524283,1.2158685709117323,0.10333570837974548,0.849727336308019,0.09120030175731983,0.051333678140962215,0.6382,0.6097,0.5713,0.5374,0.4984,0.4528,0.3701,0.2359,0.0991,0.0209,Swin_V2_B,ShuffleNet_V2_X0_5,dictatorial_weighteduncertainty,DuoWrapper,softmax_response,20.32,0.04,0.00197,ood_test
0.7313,0.7279663474352093,0.0003928427083524283,1.2158685709117323,0.10333570837974548,0.8429207058248407,0.09478911284659873,0.054922489230241116,0.6324,0.5994,0.5641,0.5173,0.4708,0.3983,0.3204,0.1109,0.0575,0.0237,Swin_V2_B,ShuffleNet_V2_X0_5,dictatorial_weighteduncertainty,DuoWrapper,entropy,20.32,0.04,0.00197,ood_test
0.7318,0.7286176064042355,0.0003928427083524283,1.2158685709117323,0.10333570837974548,0.8490312722208058,0.0911664154754078,0.051456111721666115,0.6382,0.6097,0.5713,0.5374,0.4984,0.4528,0.3701,0.2359,0.0991,0.0209,Swin_V2_B,ShuffleNet_V2_X0_5,temperature_weighted,DuoWrapper,softmax_response,20.32,0.04,0.00197,ood_test
0.7318,0.7286176064042355,0.0003928427083524283,1.2158685709117323,0.10333570837974548,0.8420619766487545,0.09478990336288855,0.055079599609146865,0.6324,0.5994,0.5641,0.5173,0.4708,0.3983,0.3204,0.1109,0.0575,0.0237,Swin_V2_B,ShuffleNet_V2_X0_5,temperature_weighted,DuoWrapper,entropy,20.32,0.04,0.00197,ood_test
0.714,0.7109690945812412,0.00040385577839062567,1.262298021920105,0.04199353978037834,0.8358348024524495,0.10292686019651728,0.057439394851433394,0.5757,0.5449,0.4988,0.4606,0.4225,0.3784,0.3326,0.2742,0.1467,0.1032,Swin_V2_B,ShuffleNet_V2_X1_0,logit_average,DuoWrapper,softmax_response,20.32,0.14,0.00689,ood_test
0.714,0.7109690945812412,0.00040385577839062567,1.262298021920105,0.04199353978037834,0.8024625864331747,0.11412687909651441,0.06863941375143051,0.4974,0.4747,0.4482,0.4203,0.3906,0.3369,0.2941,0.2363,0.1253,0.0743,Swin_V2_B,ShuffleNet_V2_X1_0,logit_average,DuoWrapper,entropy,20.32,0.14,0.00689,ood_test
0.7313,0.7279663474352093,0.00040385577839062567,1.262298021920105,0.04199353978037834,0.8160011045275196,0.10055603929564397,0.06068941567928635,0.5747,0.5371,0.4965,0.4606,0.4223,0.3784,0.3341,0.2742,0.1467,0.1032,Swin_V2_B,ShuffleNet_V2_X1_0,dictatorial_avguncertainty,DuoWrapper,softmax_response,20.32,0.14,0.00689,ood_test
0.7313,0.7279663474352093,0.00040385577839062567,1.262298021920105,0.04199353978037834,0.7876853222267182,0.11000833715158412,0.0701417135352265,0.5095,0.4756,0.4521,0.4188,0.3892,0.3372,0.2952,0.2363,0.1253,0.0743,Swin_V2_B,ShuffleNet_V2_X1_0,dictatorial_avguncertainty,DuoWrapper,entropy,20.32,0.14,0.00689,ood_test
0.7313,0.7279663474352093,0.00038788316044224483,1.1911448442600412,0.06975638121366501,0.8418877812457395,0.09243406010953205,0.052567436493174434,0.6235,0.5945,0.5579,0.5159,0.4744,0.4203,0.3808,0.2943,0.1432,0.0849,Swin_V2_B,ShuffleNet_V2_X1_0,dictatorial_weighteduncertainty,DuoWrapper,softmax_response,20.32,0.14,0.00689,ood_test
0.7313,0.7279663474352093,0.00038788316044224483,1.1911448442600412,0.06975638121366501,0.8225934605395788,0.0992563156081387,0.05938969199178109,0.5841,0.548,0.514,0.4715,0.4288,0.3802,0.3233,0.262,0.1118,0.0817,Swin_V2_B,ShuffleNet_V2_X1_0,dictatorial_weighteduncertainty,DuoWrapper,entropy,20.32,0.14,0.00689,ood_test
0.7285,0.7257847436005954,0.00038788316044224483,1.1911448442600412,0.06975638121366501,0.8460847549962017,0.09254382091822821,0.051795481918248155,0.6238,0.5946,0.5579,0.5159,0.4744,0.4203,0.3808,0.2943,0.1432,0.0849,Swin_V2_B,ShuffleNet_V2_X1_0,temperature_weighted,DuoWrapper,softmax_response,20.32,0.14,0.00689,ood_test
0.7285,0.7257847436005954,0.00038788316044224483,1.1911448442600412,0.06975638121366501,0.8249353157614665,0.09987453721917848,0.05912619821919842,0.5833,0.547,0.5139,0.4715,0.4288,0.3802,0.3233,0.262,0.1118,0.0817,Swin_V2_B,ShuffleNet_V2_X1_0,temperature_weighted,DuoWrapper,entropy,20.32,0.14,0.00689,ood_test
0.7172,0.7145063316374812,0.0003975051667030365,1.2255612687727577,0.0544763058423996,0.84255393933346,0.10028553467848766,0.055869060559278406,0.5963,0.5697,0.5332,0.4894,0.4423,0.3961,0.3082,0.241,0.1066,0.0051,Swin_V2_B,ShuffleNet_V2_X1_5,logit_average,DuoWrapper,softmax_response,20.32,0.3,0.01476,ood_test
0.7172,0.7145063316374812,0.0003975051667030365,1.2255612687727577,0.0544763058423996,0.8159952197016371,0.10945891159227442,0.06504243747306515,0.5511,0.5159,0.4888,0.4319,0.3956,0.3417,0.2712,0.2183,0.0801,0.0053,Swin_V2_B,ShuffleNet_V2_X1_5,logit_average,DuoWrapper,entropy,20.32,0.3,0.01476,ood_test
0.7313,0.7279663474352093,0.0003975051667030365,1.2255612687727577,0.0544763058423996,0.8261428951435242,0.09841433451497501,0.0585477108986174,0.5977,0.5723,0.5344,0.4921,0.444,0.3984,0.3082,0.241,0.1066,0.0051,Swin_V2_B,ShuffleNet_V2_X1_5,dictatorial_avguncertainty,DuoWrapper,softmax_response,20.32,0.3,0.01476,ood_test
0.7313,0.7279663474352093,0.0003975051667030365,1.2255612687727577,0.0544763058423996,0.8029675627483743,0.10648756237615606,0.06662093875979844,0.5538,0.5159,0.4895,0.4548,0.402,0.343,0.2712,0.2183,0.0801,0.0053,Swin_V2_B,ShuffleNet_V2_X1_5,dictatorial_avguncertainty,DuoWrapper,entropy,20.32,0.3,0.01476,ood_test
0.7313,0.7279663474352093,0.0003884866946185008,1.1882749115770972,0.08067573606967926,0.8444452581270736,0.09242980723318062,0.052563183616823,0.6347,0.6058,0.5721,0.5332,0.4855,0.4351,0.3396,0.254,0.146,0.023,Swin_V2_B,ShuffleNet_V2_X1_5,dictatorial_weighteduncertainty,DuoWrapper,softmax_response,20.32,0.3,0.01476,ood_test
0.7313,0.7279663474352093,0.0003884866946185008,1.1882749115770972,0.08067573606967926,0.8311856098344068,0.0976137388751765,0.05774711525881889,0.6116,0.5814,0.5392,0.5048,0.446,0.3853,0.3004,0.2079,0.0959,0.0065,Swin_V2_B,ShuffleNet_V2_X1_5,dictatorial_weighteduncertainty,DuoWrapper,entropy,20.32,0.3,0.01476,ood_test
0.7291,0.7262558212344788,0.0003884866946185008,1.1882749115770972,0.08067573606967926,0.8476134935595946,0.09256704190472048,0.052008546480065296,0.6345,0.6056,0.5721,0.5332,0.4855,0.4351,0.3396,0.254,0.146,0.023,Swin_V2_B,ShuffleNet_V2_X1_5,temperature_weighted,DuoWrapper,softmax_response,20.32,0.3,0.01476,ood_test
0.7291,0.7262558212344788,0.0003884866946185008,1.1882749115770972,0.08067573606967926,0.8330305940580475,0.09809104252363138,0.05753254709897619,0.6081,0.5813,0.5377,0.5048,0.446,0.3853,0.3004,0.2079,0.0959,0.0065,Swin_V2_B,ShuffleNet_V2_X1_5,temperature_weighted,DuoWrapper,entropy,20.32,0.3,0.01476,ood_test
0.7254,0.7228242174937877,0.0003919069931384364,1.2089620246274262,0.057780053466558456,0.8402301234309082,0.09681824599148804,0.05508116715330076,0.6053,0.5767,0.5418,0.5117,0.4686,0.4067,0.3114,0.2554,0.1631,0.0565,Swin_V2_B,ShuffleNet_V2_X2_0,logit_average,DuoWrapper,softmax_response,20.32,0.58,0.02854,ood_test
0.7254,0.7228242174937877,0.0003919069931384364,1.2089620246274262,0.057780053466558456,0.8171134603687525,0.10522609850464602,0.06348901966645874,0.5618,0.539,0.5102,0.4707,0.4201,0.349,0.258,0.1878,0.1158,0.002,Swin_V2_B,ShuffleNet_V2_X2_0,logit_average,DuoWrapper,entropy,20.32,0.58,0.02854,ood_test
0.7313,0.7279663474352093,0.0003919069931384364,1.2089620246274262,0.057780053466558456,0.831509756905727,0.09648199580044416,0.05661537218408654,0.6053,0.5772,0.543,0.5134,0.4697,0.4071,0.3114,0.2554,0.1631,0.0565,Swin_V2_B,ShuffleNet_V2_X2_0,dictatorial_avguncertainty,DuoWrapper,softmax_response,20.32,0.58,0.02854,ood_test
0.7313,0.7279663474352093,0.0003919069931384364,1.2089620246274262,0.057780053466558456,0.8106292809410836,0.10423005447484507,0.06436343085848745,0.5652,0.5415,0.5108,0.4717,0.4236,0.3551,0.258,0.1878,0.1158,0.002,Swin_V2_B,ShuffleNet_V2_X2_0,dictatorial_avguncertainty,DuoWrapper,entropy,20.32,0.58,0.02854,ood_test
0.7313,0.7279663474352093,0.00038830323181674993,1.1902822363062424,0.08328854292631149,0.8460931944585737,0.09138708239226868,0.05152045877591107,0.6314,0.6005,0.5707,0.5351,0.5012,0.4409,0.3655,0.2607,0.1751,0.0741,Swin_V2_B,ShuffleNet_V2_X2_0,dictatorial_weighteduncertainty,DuoWrapper,softmax_response,20.32,0.58,0.02854,ood_test
0.7313,0.7279663474352093,0.00038830323181674993,1.1902822363062424,0.08328854292631149,0.8342928313955331,0.0963904735155393,0.05652384989918168,0.6095,0.5857,0.5528,0.5147,0.4576,0.3945,0.3113,0.1938,0.137,0.0023,Swin_V2_B,ShuffleNet_V2_X2_0,dictatorial_weighteduncertainty,DuoWrapper,entropy,20.32,0.58,0.02854,ood_test
0.7337,0.731200429928109,0.00038830323181674993,1.1902822363062424,0.08328854292631149,0.8440217896718524,0.09094279472091216,0.051823392823758904,0.6314,0.6005,0.5707,0.5351,0.5012,0.4409,0.3655,0.2607,0.1751,0.0741,Swin_V2_B,ShuffleNet_V2_X2_0,temperature_weighted,DuoWrapper,softmax_response,20.32,0.58,0.02854,ood_test
0.7337,0.731200429928109,0.00038830323181674993,1.1902822363062424,0.08328854292631149,0.8319541625425297,0.09599754482676606,0.05687814292961281,0.6091,0.5839,0.5493,0.5147,0.4576,0.3945,0.3113,0.1938,0.137,0.0023,Swin_V2_B,ShuffleNet_V2_X2_0,temperature_weighted,DuoWrapper,entropy,20.32,0.58,0.02854,ood_test
0.7375,0.7350972504620513,0.00038534186383967057,1.1994692688536863,0.08944392204284668,0.840573985472155,0.10003237149109559,0.06208002519797535,0.6574,0.6294,0.5888,0.5389,0.4968,0.3905,0.0002,0.0002,0.0002,0.0002,Swin_V2_B,Swin_B,logit_average,DuoWrapper,softmax_response,20.32,15.43,0.75935,ood_test
0.7375,0.7350972504620513,0.00038534186383967057,1.1994692688536863,0.08944392204284668,0.8315233575464083,0.10781572520667168,0.06986337891355143,0.6448,0.6141,0.5781,0.5162,0.4206,0.0021,0.0003,0.0003,0.0003,0.0003,Swin_V2_B,Swin_B,logit_average,DuoWrapper,entropy,20.32,15.43,0.75935,ood_test
0.7313,0.7279663474352093,0.00038534186383967057,1.1994692688536863,0.08944392204284668,0.8467413613749515,0.10105313052620123,0.06118650690984361,0.6551,0.628,0.5871,0.5389,0.4968,0.3905,0.0002,0.0002,0.0002,0.0002,Swin_V2_B,Swin_B,dictatorial_avguncertainty,DuoWrapper,softmax_response,20.32,15.43,0.75935,ood_test
0.7313,0.7279663474352093,0.00038534186383967057,1.1994692688536863,0.08944392204284668,0.8380959042761815,0.10877711318613578,0.06891048956977816,0.6437,0.6124,0.5778,0.5162,0.4206,0.0021,0.0003,0.0003,0.0003,0.0003,Swin_V2_B,Swin_B,dictatorial_avguncertainty,DuoWrapper,entropy,20.32,15.43,0.75935,ood_test
0.7313,0.7279663474352093,0.00038787012196178535,1.2069007380450982,0.09866823256015778,0.8475338283181335,0.10007372673952256,0.06020710312316494,0.6535,0.6283,0.5877,0.5435,0.497,0.419,0.2654,0.0002,0.0002,0.0002,Swin_V2_B,Swin_B,dictatorial_weighteduncertainty,DuoWrapper,softmax_response,20.32,15.43,0.75935,ood_test
0.7313,0.7279663474352093,0.00038787012196178535,1.2069007380450982,0.09866823256015778,0.8403170458102585,0.10713838595877764,0.06727176234242002,0.6466,0.6168,0.5798,0.5193,0.4402,0.0021,0.0003,0.0003,0.0003,0.0003,Swin_V2_B,Swin_B,dictatorial_weighteduncertainty,DuoWrapper,entropy,20.32,15.43,0.75935,ood_test
0.7375,0.7350935670109994,0.00038787012196178535,1.2069007380450982,0.09866823256015778,0.8414340338983051,0.09903935096314914,0.0610870046700289,0.6551,0.6304,0.5883,0.5435,0.497,0.419,0.2654,0.0002,0.0002,0.0002,Swin_V2_B,Swin_B,temperature_weighted,DuoWrapper,softmax_response,20.32,15.43,0.75935,ood_test
0.7375,0.7350935670109994,0.00038787012196178535,1.2069007380450982,0.09866823256015778,0.8337712865213883,0.10617984241785539,0.06822749612473514,0.6485,0.6173,0.5802,0.5193,0.4402,0.0021,0.0003,0.0003,0.0003,0.0003,Swin_V2_B,Swin_B,temperature_weighted,DuoWrapper,entropy,20.32,15.43,0.75935,ood_test
0.7378,0.7354337925708123,0.00038166067574716415,1.179487564225708,0.08245586603879929,0.8476816577372811,0.09077569371473583,0.05291464816945924,0.6532,0.6263,0.5888,0.5625,0.5191,0.4546,0.3803,0.227,0.0017,0.0017,Swin_V2_B,Swin_S,logit_average,DuoWrapper,softmax_response,20.32,8.74,0.43012,ood_test
0.7378,0.7354337925708123,0.00038166067574716415,1.179487564225708,0.08245586603879929,0.8398133151540679,0.09614121663330528,0.058280171088028694,0.6474,0.6208,0.5891,0.5429,0.4778,0.4025,0.251,0.0083,0.0017,0.0017,Swin_V2_B,Swin_S,logit_average,DuoWrapper,entropy,20.32,8.74,0.43012,ood_test
0.7313,0.7279663474352093,0.00038166067574716415,1.179487564225708,0.08245586603879929,0.8536919865419041,0.091921191972072,0.05205456835571439,0.6531,0.6263,0.5888,0.5625,0.5191,0.4546,0.3803,0.227,0.0017,0.0017,Swin_V2_B,Swin_S,dictatorial_avguncertainty,DuoWrapper,softmax_response,20.32,8.74,0.43012,ood_test
0.7313,0.7279663474352093,0.00038166067574716415,1.179487564225708,0.08245586603879929,0.8467147965313643,0.09711031414911472,0.05724369053275711,0.6467,0.6208,0.5891,0.5429,0.4778,0.4025,0.251,0.0083,0.0017,0.0017,Swin_V2_B,Swin_S,dictatorial_avguncertainty,DuoWrapper,entropy,20.32,8.74,0.43012,ood_test
0.7313,0.7279663474352093,0.00038360286996896864,1.187045955473224,0.0909864604473114,0.8556273524453982,0.09175726714805761,0.0518906435317,0.6534,0.6236,0.5889,0.552,0.5194,0.4583,0.3856,0.1839,0.0009,0.0009,Swin_V2_B,Swin_S,dictatorial_weighteduncertainty,DuoWrapper,softmax_response,20.32,8.74,0.43012,ood_test
0.7313,0.7279663474352093,0.00038360286996896864,1.187045955473224,0.0909864604473114,0.8488725539415181,0.09684184484786088,0.05697522123150326,0.6503,0.6238,0.5882,0.5424,0.4913,0.4046,0.2831,0.0009,0.0009,0.0009,Swin_V2_B,Swin_S,dictatorial_weighteduncertainty,DuoWrapper,entropy,20.32,8.74,0.43012,ood_test
0.7391,0.7366705204400218,0.00038360286996896864,1.187045955473224,0.0909864604473114,0.8463070471120362,0.09088697682222494,0.053420158891092535,0.6534,0.6236,0.5889,0.552,0.5194,0.4583,0.3856,0.1839,0.0009,0.0009,Swin_V2_B,Swin_S,temperature_weighted,DuoWrapper,softmax_response,20.32,8.74,0.43012,ood_test
0.7391,0.7366705204400218,0.00038360286996896864,1.187045955473224,0.0909864604473114,0.8398326017694544,0.09587785472424783,0.05841103679311543,0.6503,0.6238,0.5882,0.5424,0.4913,0.4046,0.2831,0.0009,0.0009,0.0009,Swin_V2_B,Swin_S,temperature_weighted,DuoWrapper,entropy,20.32,8.74,0.43012,ood_test
0.7291,0.7265665574329474,0.00038825057582669436,1.1890957680695537,0.08001063764095306,0.8510112919547296,0.09334211667930958,0.0527836212546544,0.6375,0.6051,0.5755,0.546,0.5081,0.4507,0.3832,0.2603,0.003,0.003,Swin_V2_B,Swin_T,logit_average,DuoWrapper,softmax_response,20.32,4.49,0.22096,ood_test
0.7291,0.7265665574329474,0.00038825057582669436,1.1890957680695537,0.08001063764095306,0.8422075507969872,0.09803296983724066,0.05747447441258548,0.6244,0.6003,0.5739,0.5346,0.4888,0.4126,0.3201,0.0023,0.0023,0.0023,Swin_V2_B,Swin_T,logit_average,DuoWrapper,entropy,20.32,4.49,0.22096,ood_test
0.7313,0.7279663474352093,0.00038825057582669436,1.1890957680695537,0.08001063764095306,0.8477154310850705,0.09324749325980677,0.05338086964344916,0.6375,0.6057,0.5755,0.546,0.5081,0.4507,0.3832,0.2603,0.003,0.003,Swin_V2_B,Swin_T,dictatorial_avguncertainty,DuoWrapper,softmax_response,20.32,4.49,0.22096,ood_test
0.7313,0.7279663474352093,0.00038825057582669436,1.1890957680695537,0.08001063764095306,0.8392257752672247,0.09787842847411121,0.0580118048577536,0.6238,0.5991,0.5731,0.5339,0.4888,0.4126,0.3201,0.0023,0.0023,0.0023,Swin_V2_B,Swin_T,dictatorial_avguncertainty,DuoWrapper,entropy,20.32,4.49,0.22096,ood_test
0.7313,0.7279663474352093,0.00038664247917669125,1.187680385512222,0.08673595637083054,0.8511661126641479,0.09255999467774349,0.05269337106138588,0.6481,0.6153,0.5729,0.5434,0.5126,0.4525,0.3937,0.2171,0.0021,0.0021,Swin_V2_B,Swin_T,dictatorial_weighteduncertainty,DuoWrapper,softmax_response,20.32,4.49,0.22096,ood_test
0.7313,0.7279663474352093,0.00038664247917669125,1.187680385512222,0.08673595637083054,0.8441464290819694,0.09706746737163707,0.05720084375527946,0.6336,0.6089,0.5693,0.5377,0.4844,0.417,0.3135,0.0106,0.0014,0.0014,Swin_V2_B,Swin_T,dictatorial_weighteduncertainty,DuoWrapper,entropy,20.32,4.49,0.22096,ood_test
0.7328,0.7300613948560797,0.00038664247917669125,1.187680385512222,0.08673595637083054,0.8496879484072248,0.0923218166129148,0.0529231279473991,0.6481,0.6153,0.5729,0.5434,0.5126,0.4525,0.3937,0.2171,0.0021,0.0021,Swin_V2_B,Swin_T,temperature_weighted,DuoWrapper,softmax_response,20.32,4.49,0.22096,ood_test
0.7328,0.7300613948560797,0.00038664247917669125,1.187680385512222,0.08673595637083054,0.8429505532466726,0.09674207700964323,0.05734338834412752,0.6342,0.6089,0.5693,0.5377,0.4844,0.417,0.3135,0.0106,0.0014,0.0014,Swin_V2_B,Swin_T,temperature_weighted,DuoWrapper,entropy,20.32,4.49,0.22096,ood_test
0.7394,0.7372821641841624,0.00038044037021001386,1.1751045893655667,0.08937208354473114,0.8463100954477413,0.0917166468824726,0.05434047968876618,0.6541,0.6258,0.594,0.5543,0.5068,0.451,0.3552,0.2193,0.0008,0.0008,Swin_V2_B,Swin_V2_S,logit_average,DuoWrapper,softmax_response,20.32,11.55,0.56841,ood_test
0.7394,0.7372821641841624,0.00038044037021001386,1.1751045893655667,0.08937208354473114,0.8374062550145926,0.09754888300041063,0.06017271580670422,0.6489,0.6215,0.5882,0.5487,0.4855,0.3866,0.2128,0.0009,0.0009,0.0009,Swin_V2_B,Swin_V2_S,logit_average,DuoWrapper,entropy,20.32,11.55,0.56841,ood_test
0.7313,0.7279663474352093,0.00038044037021001386,1.1751045893655667,0.08937208354473114,0.8541843267321054,0.09306361556240371,0.053196991946046095,0.6534,0.6258,0.594,0.5543,0.5068,0.451,0.3552,0.2193,0.0008,0.0008,Swin_V2_B,Swin_V2_S,dictatorial_avguncertainty,DuoWrapper,softmax_response,20.32,11.55,0.56841,ood_test
0.7313,0.7279663474352093,0.00038044037021001386,1.1751045893655667,0.08937208354473114,0.8466645421577198,0.09861303032854983,0.058746406712192216,0.6488,0.6215,0.5882,0.5487,0.4855,0.3866,0.2128,0.0009,0.0009,0.0009,Swin_V2_B,Swin_V2_S,dictatorial_avguncertainty,DuoWrapper,entropy,20.32,11.55,0.56841,ood_test
0.7313,0.7279663474352093,0.0003809560658691505,1.1765259226891025,0.09147846698760986,0.8544856494119526,0.09290452403238951,0.053037900416031895,0.6536,0.6265,0.5945,0.5543,0.506,0.4523,0.3487,0.2237,0.0008,0.0008,Swin_V2_B,Swin_V2_S,dictatorial_weighteduncertainty,DuoWrapper,softmax_response,20.32,11.55,0.56841,ood_test
0.7313,0.7279663474352093,0.0003809560658691505,1.1765259226891025,0.09147846698760986,0.8472613605545967,0.09831156072808822,0.058444937111730606,0.6503,0.6235,0.5871,0.5489,0.4861,0.3868,0.2151,0.0009,0.0009,0.0009,Swin_V2_B,Swin_V2_S,dictatorial_weighteduncertainty,DuoWrapper,entropy,20.32,11.55,0.56841,ood_test
0.7392,0.7370098285882735,0.0003809560658691505,1.1765259226891025,0.09147846698760986,0.8468434464468303,0.09158837715250032,0.05415178966137182,0.6541,0.6265,0.5945,0.5543,0.506,0.4523,0.3487,0.2237,0.0008,0.0008,Swin_V2_B,Swin_V2_S,temperature_weighted,DuoWrapper,softmax_response,20.32,11.55,0.56841,ood_test
0.7392,0.7370098285882735,0.0003809560658691505,1.1765259226891025,0.09147846698760986,0.83840565907763,0.09723853380284078,0.05980194631171228,0.6504,0.6235,0.5871,0.5489,0.4861,0.3868,0.2151,0.0009,0.0009,0.0009,Swin_V2_B,Swin_V2_S,temperature_weighted,DuoWrapper,entropy,20.32,11.55,0.56841,ood_test
0.7309,0.7277127006330122,0.0003851278950987888,1.1842301309776917,0.07993799448013306,0.8533417030534938,0.08935246834249877,0.04936054271023595,0.6486,0.6175,0.5877,0.5539,0.5184,0.463,0.3906,0.3102,0.1289,0.0416,Swin_V2_B,Swin_V2_T,logit_average,DuoWrapper,softmax_response,20.32,5.94,0.29232,ood_test
0.7309,0.7277127006330122,0.0003851278950987888,1.1842301309776917,0.07993799448013306,0.8455183890561359,0.09347921661380323,0.05348729098154041,0.6374,0.6129,0.5815,0.5343,0.4968,0.4443,0.3448,0.1689,0.0513,0.0146,Swin_V2_B,Swin_V2_T,logit_average,DuoWrapper,entropy,20.32,5.94,0.29232,ood_test
0.7313,0.7279663474352093,0.0003851278950987888,1.1842301309776917,0.07993799448013306,0.8512217359860654,0.08969863212306338,0.049832008506705765,0.6473,0.6171,0.5859,0.5539,0.5184,0.463,0.3906,0.3102,0.1289,0.0416,Swin_V2_B,Swin_V2_T,dictatorial_avguncertainty,DuoWrapper,softmax_response,20.32,5.94,0.29232,ood_test
0.7313,0.7279663474352093,0.0003851278950987888,1.1842301309776917,0.07993799448013306,0.8445323826715592,0.09354942623643042,0.05368280262007281,0.6371,0.6124,0.581,0.5343,0.4968,0.4443,0.3448,0.1689,0.0513,0.0146,Swin_V2_B,Swin_V2_T,dictatorial_avguncertainty,DuoWrapper,entropy,20.32,5.94,0.29232,ood_test
0.7313,0.7279663474352093,0.0003850744620605419,1.1863115372852098,0.08590985834598541,0.8536733097265852,0.08987058099731902,0.05000395738096141,0.6467,0.6206,0.5933,0.552,0.5142,0.4625,0.4133,0.2815,0.1503,0.0108,Swin_V2_B,Swin_V2_T,dictatorial_weighteduncertainty,DuoWrapper,softmax_response,20.32,5.94,0.29232,ood_test
0.7313,0.7279663474352093,0.0003850744620605419,1.1863115372852098,0.08590985834598541,0.8477042097287275,0.09360349512409341,0.053736871507735796,0.6443,0.618,0.5829,0.5386,0.4904,0.4334,0.3281,0.2037,0.0082,0.0071,Swin_V2_B,Swin_V2_T,dictatorial_weighteduncertainty,DuoWrapper,entropy,20.32,5.94,0.29232,ood_test
0.7347,0.7315379798347634,0.0003850744620605419,1.1863115372852098,0.08590985834598541,0.8499349283493585,0.08941611564810027,0.050605737633783704,0.6467,0.6206,0.5933,0.552,0.5142,0.4625,0.4133,0.2815,0.1503,0.0108,Swin_V2_B,Swin_V2_T,temperature_weighted,DuoWrapper,softmax_response,20.32,5.94,0.29232,ood_test
0.7347,0.7315379798347634,0.0003850744620605419,1.1863115372852098,0.08590985834598541,0.8436692007337934,0.09320577905746046,0.05439540104314389,0.6443,0.618,0.5829,0.5386,0.4904,0.4334,0.3281,0.2037,0.0082,0.0071,Swin_V2_B,Swin_V2_T,temperature_weighted,DuoWrapper,entropy,20.32,5.94,0.29232,ood_test
0.7681,0.7661619653109418,0.00034061935984994223,1.0057287822570318,0.07488581538200378,0.8483950557815894,0.07715531588455515,0.04789565057471837,0.7099,0.6813,0.644,0.6183,0.5759,0.5391,0.4693,0.3029,0.0167,0.0007,Swin_V2_B,vit_base_patch16_clip_224.laion2b_ft_in12k_in1k,logit_average,DuoWrapper,softmax_response,20.32,17.56,0.86417,ood_test
0.7681,0.7661619653109418,0.00034061935984994223,1.0057287822570318,0.07488581538200378,0.8393127332279788,0.08263968721363904,0.053380021903802255,0.7049,0.679,0.6392,0.6129,0.5708,0.5308,0.3993,0.0134,0.0109,0.0004,Swin_V2_B,vit_base_patch16_clip_224.laion2b_ft_in12k_in1k,logit_average,DuoWrapper,entropy,20.32,17.56,0.86417,ood_test
0.7313,0.7279663474352093,0.00034061935984994223,1.0057287822570318,0.07488581538200378,0.876997725856005,0.08459258293309546,0.04472595931673785,0.6891,0.6605,0.6365,0.6121,0.5732,0.5322,0.4679,0.3012,0.0167,0.0007,Swin_V2_B,vit_base_patch16_clip_224.laion2b_ft_in12k_in1k,dictatorial_avguncertainty,DuoWrapper,softmax_response,20.32,17.56,0.86417,ood_test
0.7313,0.7279663474352093,0.00034061935984994223,1.0057287822570318,0.07488581538200378,0.8730641697206483,0.0891320800490339,0.04926545643267629,0.6923,0.668,0.6326,0.6025,0.5654,0.5142,0.3985,0.0134,0.0109,0.0004,Swin_V2_B,vit_base_patch16_clip_224.laion2b_ft_in12k_in1k,dictatorial_avguncertainty,DuoWrapper,entropy,20.32,17.56,0.86417,ood_test
0.7313,0.7279663474352093,0.00033835291466181806,0.9967040955140727,0.07934505492448807,0.8698455997346772,0.08690389075891634,0.04703726714255873,0.6774,0.6493,0.6206,0.5987,0.5686,0.5306,0.461,0.2701,0.0008,0.0008,Swin_V2_B,vit_base_patch16_clip_224.laion2b_ft_in12k_in1k,dictatorial_weighteduncertainty,DuoWrapper,softmax_response,20.32,17.56,0.86417,ood_test
0.7313,0.7279663474352093,0.00033835291466181806,0.9967040955140727,0.07934505492448807,0.8676465701250038,0.09090725574997671,0.0510406321336191,0.6813,0.655,0.6266,0.5976,0.5621,0.5096,0.4008,0.0224,0.0006,0.0006,Swin_V2_B,vit_base_patch16_clip_224.laion2b_ft_in12k_in1k,dictatorial_weighteduncertainty,DuoWrapper,entropy,20.32,17.56,0.86417,ood_test
0.7703,0.7681730377799056,0.00033835291466181806,0.9967040955140727,0.07934505492448807,0.8486828797740404,0.07632403591514336,0.04764177073382029,0.7171,0.6845,0.652,0.6153,0.5839,0.5416,0.4796,0.2804,0.0008,0.0008,Swin_V2_B,vit_base_patch16_clip_224.laion2b_ft_in12k_in1k,temperature_weighted,DuoWrapper,softmax_response,20.32,17.56,0.86417,ood_test
0.7703,0.7681730377799056,0.00033835291466181806,0.9967040955140727,0.07934505492448807,0.8396212547101974,0.08153145163834258,0.052849186457019505,0.7071,0.683,0.6503,0.6098,0.5756,0.5249,0.4231,0.0224,0.0006,0.0006,Swin_V2_B,vit_base_patch16_clip_224.laion2b_ft_in12k_in1k,temperature_weighted,DuoWrapper,entropy,20.32,17.56,0.86417,ood_test
0.773,0.7701068725790862,0.0003340790731522445,0.9772786535069008,0.06517679989337921,0.8416806765790358,0.07701541508804971,0.049033191617048694,0.7091,0.6738,0.6447,0.6106,0.5751,0.5203,0.4261,0.1505,0.0577,0.0037,tf_efficientnetv2_l.in21k_ft_in1k,ConvNeXt_Base,logit_average,DuoWrapper,softmax_response,56.08,15.36,0.27389,ood_test
0.773,0.7701068725790862,0.0003340790731522445,0.9772786535069008,0.06517679989337921,0.8290997942679987,0.08221871731875188,0.054236493847750866,0.7004,0.6689,0.6319,0.5961,0.5508,0.4549,0.2444,0.0734,0.0054,0.0035,tf_efficientnetv2_l.in21k_ft_in1k,ConvNeXt_Base,logit_average,DuoWrapper,entropy,56.08,15.36,0.27389,ood_test
0.7616,0.7584006760011784,0.0003340790731522445,0.9772786535069008,0.06517679989337921,0.8482387397072922,0.07981537516311504,0.04881287427922996,0.6985,0.6678,0.6418,0.609,0.5745,0.5203,0.4261,0.1505,0.0577,0.0037,tf_efficientnetv2_l.in21k_ft_in1k,ConvNeXt_Base,dictatorial_avguncertainty,DuoWrapper,softmax_response,56.08,15.36,0.27389,ood_test
0.7616,0.7584006760011784,0.0003340790731522445,0.9772786535069008,0.06517679989337921,0.8379501076856918,0.08461496076510273,0.05361245988121765,0.6931,0.6641,0.6286,0.5917,0.5508,0.4549,0.2444,0.0734,0.0054,0.0035,tf_efficientnetv2_l.in21k_ft_in1k,ConvNeXt_Base,dictatorial_avguncertainty,DuoWrapper,entropy,56.08,15.36,0.27389,ood_test
0.7616,0.7584006760011784,0.00032973014425435865,0.9645840524693704,0.06192866712808609,0.8543033850494897,0.07830412070418799,0.047301619820302905,0.7126,0.6802,0.6493,0.6083,0.5637,0.5107,0.4165,0.1969,0.056,0.0059,tf_efficientnetv2_l.in21k_ft_in1k,ConvNeXt_Base,dictatorial_weighteduncertainty,DuoWrapper,softmax_response,56.08,15.36,0.27389,ood_test
0.7616,0.7584006760011784,0.00032973014425435865,0.9645840524693704,0.06192866712808609,0.8396470716012915,0.0841371657486358,0.05313466486475072,0.6924,0.659,0.6272,0.5844,0.529,0.4248,0.3337,0.0815,0.0441,0.0058,tf_efficientnetv2_l.in21k_ft_in1k,ConvNeXt_Base,dictatorial_weighteduncertainty,DuoWrapper,entropy,56.08,15.36,0.27389,ood_test
0.7747,0.7718596366622823,0.00032973014425435865,0.9645840524693704,0.06192866712808609,0.8412991618936896,0.0763194310208074,0.048773134166323166,0.7142,0.6815,0.6494,0.6083,0.5637,0.5107,0.4165,0.1969,0.056,0.0059,tf_efficientnetv2_l.in21k_ft_in1k,ConvNeXt_Base,temperature_weighted,DuoWrapper,softmax_response,56.08,15.36,0.27389,ood_test
0.7747,0.7718596366622823,0.00032973014425435865,0.9645840524693704,0.06192866712808609,0.8260310779351266,0.08213699868992644,0.0545907018354422,0.6959,0.6618,0.6282,0.5844,0.529,0.4248,0.3337,0.0815,0.0441,0.0058,tf_efficientnetv2_l.in21k_ft_in1k,ConvNeXt_Base,temperature_weighted,DuoWrapper,entropy,56.08,15.36,0.27389,ood_test
0.7774,0.7744779657571901,0.0003300643929625578,0.9703026833099442,0.06534557789564133,0.8395920143885058,0.0755131594109537,0.048651552397534284,0.7208,0.689,0.6502,0.6172,0.5728,0.5145,0.4061,0.1246,0.0726,0.0029,tf_efficientnetv2_l.in21k_ft_in1k,ConvNeXt_Large,logit_average,DuoWrapper,softmax_response,56.08,34.36,0.6127,ood_test
0.7774,0.7744779657571901,0.0003300643929625578,0.9703026833099442,0.06534557789564133,0.8269495433785204,0.0806729428331182,0.05381133581969878,0.7094,0.6819,0.6444,0.5874,0.5251,0.4656,0.2517,0.0588,0.0474,0.0208,tf_efficientnetv2_l.in21k_ft_in1k,ConvNeXt_Large,logit_average,DuoWrapper,entropy,56.08,34.36,0.6127,ood_test
0.7616,0.7584006760011784,0.0003300643929625578,0.9703026833099442,0.06534557789564133,0.8504053414570527,0.07898983989888161,0.04798733901499653,0.7126,0.6808,0.6441,0.6172,0.5726,0.5145,0.4061,0.1246,0.0726,0.0029,tf_efficientnetv2_l.in21k_ft_in1k,ConvNeXt_Large,dictatorial_avguncertainty,DuoWrapper,softmax_response,56.08,34.36,0.6127,ood_test
0.7616,0.7584006760011784,0.0003300643929625578,0.9703026833099442,0.06534557789564133,0.8402569343593143,0.08376089156300952,0.05275839067912443,0.7004,0.6752,0.6344,0.5851,0.5251,0.4656,0.2517,0.0588,0.0474,0.0208,tf_efficientnetv2_l.in21k_ft_in1k,ConvNeXt_Large,dictatorial_avguncertainty,DuoWrapper,entropy,56.08,34.36,0.6127,ood_test
0.7616,0.7584006760011784,0.0003282143477122527,0.962309737122745,0.0667506605386734,0.8556091126152643,0.07780977935314547,0.04680727846926038,0.7192,0.689,0.653,0.6198,0.5741,0.505,0.4084,0.1537,0.0663,0.0038,tf_efficientnetv2_l.in21k_ft_in1k,ConvNeXt_Large,dictatorial_weighteduncertainty,DuoWrapper,softmax_response,56.08,34.36,0.6127,ood_test
0.7616,0.7584006760011784,0.0003282143477122527,0.962309737122745,0.0667506605386734,0.8427923287603633,0.08318206037206963,0.05217955948818454,0.7047,0.6793,0.6301,0.5846,0.5159,0.4416,0.2203,0.0776,0.0395,0.0034,tf_efficientnetv2_l.in21k_ft_in1k,ConvNeXt_Large,dictatorial_weighteduncertainty,DuoWrapper,entropy,56.08,34.36,0.6127,ood_test
0.7782,0.7752513475377707,0.0003282143477122527,0.962309737122745,0.0667506605386734,0.839037434425331,0.0753078427846703,0.04864730449055392,0.7231,0.6903,0.653,0.6198,0.5741,0.505,0.4084,0.1537,0.0663,0.0038,tf_efficientnetv2_l.in21k_ft_in1k,ConvNeXt_Large,temperature_weighted,DuoWrapper,softmax_response,56.08,34.36,0.6127,ood_test
0.7782,0.7752513475377707,0.0003282143477122527,0.962309737122745,0.0667506605386734,0.8249577242249866,0.08077419790442007,0.05411365961030369,0.7103,0.6836,0.633,0.5846,0.5159,0.4416,0.2203,0.0776,0.0395,0.0034,tf_efficientnetv2_l.in21k_ft_in1k,ConvNeXt_Large,temperature_weighted,DuoWrapper,entropy,56.08,34.36,0.6127,ood_test
0.7709,0.7683438894094657,0.0003355766811545478,0.9832217332482498,0.05803501605987549,0.8400798377516425,0.07877682019930644,0.05025093653987142,0.7058,0.6707,0.6253,0.5929,0.5551,0.5035,0.4288,0.1152,0.0134,0.0126,tf_efficientnetv2_l.in21k_ft_in1k,ConvNeXt_Small,logit_average,DuoWrapper,softmax_response,56.08,8.68,0.15478,ood_test
0.7709,0.7683438894094657,0.0003355766811545478,0.9832217332482498,0.05803501605987549,0.825168833652798,0.08491626492433638,0.056390381264901354,0.6886,0.6551,0.6088,0.5668,0.5117,0.4542,0.2858,0.0146,0.0122,0.0082,tf_efficientnetv2_l.in21k_ft_in1k,ConvNeXt_Small,logit_average,DuoWrapper,entropy,56.08,8.68,0.15478,ood_test
0.7616,0.7584006760011784,0.0003355766811545478,0.9832217332482498,0.05803501605987549,0.8443539144894534,0.081342558364364,0.05034005748047892,0.6994,0.6615,0.6247,0.5909,0.552,0.5026,0.4279,0.1152,0.0134,0.0126,tf_efficientnetv2_l.in21k_ft_in1k,ConvNeXt_Small,dictatorial_avguncertainty,DuoWrapper,softmax_response,56.08,8.68,0.15478,ood_test
0.7616,0.7584006760011784,0.0003355766811545478,0.9832217332482498,0.05803501605987549,0.8316061691035475,0.08714371433472273,0.05614121345083765,0.6793,0.6451,0.6063,0.5647,0.5089,0.4288,0.2858,0.0146,0.0122,0.0082,tf_efficientnetv2_l.in21k_ft_in1k,ConvNeXt_Small,dictatorial_avguncertainty,DuoWrapper,entropy,56.08,8.68,0.15478,ood_test
0.7616,0.7584006760011784,0.0003320614531181244,0.9717292057678784,0.05949733406305313,0.8513577253468501,0.07930316720578508,0.04830066632189999,0.7095,0.6737,0.6341,0.5959,0.5602,0.4975,0.4001,0.102,0.0506,0.0091,tf_efficientnetv2_l.in21k_ft_in1k,ConvNeXt_Small,dictatorial_weighteduncertainty,DuoWrapper,softmax_response,56.08,8.68,0.15478,ood_test
0.7616,0.7584006760011784,0.0003320614531181244,0.9717292057678784,0.05949733406305313,0.8365261032055439,0.08534451312188444,0.05434201223799936,0.6869,0.6562,0.6154,0.566,0.5053,0.423,0.3163,0.0483,0.0107,0.0074,tf_efficientnetv2_l.in21k_ft_in1k,ConvNeXt_Small,dictatorial_weighteduncertainty,DuoWrapper,entropy,56.08,8.68,0.15478,ood_test
0.7754,0.7727831634679972,0.0003320614531181244,0.9717292057678784,0.05949733406305313,0.8372282389625234,0.07726079633607266,0.04989291391873217,0.7132,0.674,0.6351,0.5963,0.5617,0.4975,0.4001,0.102,0.0506,0.0091,tf_efficientnetv2_l.in21k_ft_in1k,ConvNeXt_Small,temperature_weighted,DuoWrapper,softmax_response,56.08,8.68,0.15478,ood_test
0.7754,0.7727831634679972,0.0003320614531181244,0.9717292057678784,0.05949733406305313,0.8221107148098783,0.08318896873981743,0.05582108632247694,0.6964,0.659,0.6169,0.5691,0.5121,0.423,0.3163,0.0483,0.0107,0.0074,tf_efficientnetv2_l.in21k_ft_in1k,ConvNeXt_Small,temperature_weighted,DuoWrapper,entropy,56.08,8.68,0.15478,ood_test
0.7647,0.7621343279052136,0.0003395726261300042,0.983325857521782,0.06045856326818466,0.8442584279972574,0.07935981906248457,0.049195407394254514,0.7028,0.6712,0.638,0.5986,0.5513,0.4958,0.3881,0.1944,0.0266,0.0105,tf_efficientnetv2_l.in21k_ft_in1k,ConvNeXt_Tiny,logit_average,DuoWrapper,softmax_response,56.08,4.46,0.07953,ood_test
0.7647,0.7621343279052136,0.0003395726261300042,0.983325857521782,0.06045856326818466,0.8301503035197757,0.08496952625168044,0.05480511458345039,0.6775,0.6496,0.618,0.5776,0.519,0.4368,0.333,0.0384,0.0261,0.0034,tf_efficientnetv2_l.in21k_ft_in1k,ConvNeXt_Tiny,logit_average,DuoWrapper,entropy,56.08,4.46,0.07953,ood_test
0.7616,0.7584006760011784,0.0003395726261300042,0.983325857521782,0.06045856326818466,0.8427287428708901,0.08088783807905031,0.049885337195165226,0.6945,0.6656,0.6347,0.5939,0.5511,0.4931,0.3881,0.1944,0.0266,0.0105,tf_efficientnetv2_l.in21k_ft_in1k,ConvNeXt_Tiny,dictatorial_avguncertainty,DuoWrapper,softmax_response,56.08,4.46,0.07953,ood_test
0.7616,0.7584006760011784,0.0003395726261300042,0.983325857521782,0.06045856326818466,0.8310165745199086,0.08601036548751496,0.05500786460362988,0.6757,0.6468,0.6123,0.5711,0.519,0.4368,0.333,0.0384,0.0261,0.0034,tf_efficientnetv2_l.in21k_ft_in1k,ConvNeXt_Tiny,dictatorial_avguncertainty,DuoWrapper,entropy,56.08,4.46,0.07953,ood_test
0.7616,0.7584006760011784,0.0003337787035427657,0.9683353546024865,0.057165466248989105,0.8498204008428036,0.07923990777857014,0.04823740689468505,0.7053,0.674,0.6422,0.6064,0.5552,0.4873,0.423,0.1815,0.0667,0.0036,tf_efficientnetv2_l.in21k_ft_in1k,ConvNeXt_Tiny,dictatorial_weighteduncertainty,DuoWrapper,softmax_response,56.08,4.46,0.07953,ood_test
0.7616,0.7584006760011784,0.0003337787035427657,0.9683353546024865,0.057165466248989105,0.8352751492795104,0.08503257402856126,0.05403007314467618,0.6852,0.6543,0.6228,0.5673,0.5107,0.4355,0.2985,0.0742,0.0211,0.0034,tf_efficientnetv2_l.in21k_ft_in1k,ConvNeXt_Tiny,dictatorial_weighteduncertainty,DuoWrapper,entropy,56.08,4.46,0.07953,ood_test
0.771,0.7683152754627829,0.0003337787035427657,0.9683353546024865,0.057165466248989105,0.8405466444644567,0.0777698489574422,0.04926998347369021,0.7066,0.6743,0.6428,0.6064,0.5552,0.4873,0.423,0.1815,0.0667,0.0036,tf_efficientnetv2_l.in21k_ft_in1k,ConvNeXt_Tiny,temperature_weighted,DuoWrapper,softmax_response,56.08,4.46,0.07953,ood_test
0.771,0.7683152754627829,0.0003337787035427657,0.9683353546024865,0.057165466248989105,0.8255132845111266,0.08355885151566278,0.05505898603191079,0.6893,0.655,0.6239,0.5673,0.5134,0.4355,0.2985,0.0742,0.0211,0.0034,tf_efficientnetv2_l.in21k_ft_in1k,ConvNeXt_Tiny,temperature_weighted,DuoWrapper,entropy,56.08,4.46,0.07953,ood_test
0.759,0.7557246738347033,0.0003487629709797592,1.0258315609806656,0.0410115048289299,0.8374185568475665,0.0825329228678068,0.05081778103740158,0.6703,0.6378,0.6088,0.5743,0.5282,0.4609,0.3986,0.2858,0.1036,0.0023,tf_efficientnetv2_l.in21k_ft_in1k,EfficientNet_B0,logit_average,DuoWrapper,softmax_response,56.08,0.39,0.00695,ood_test
0.759,0.7557246738347033,0.0003487629709797592,1.0258315609806656,0.0410115048289299,0.819432918395574,0.08833746857348304,0.05662232674307783,0.6465,0.6157,0.584,0.5477,0.4984,0.4362,0.3534,0.2152,0.0688,0.0024,tf_efficientnetv2_l.in21k_ft_in1k,EfficientNet_B0,logit_average,DuoWrapper,entropy,56.08,0.39,0.00695,ood_test
0.7616,0.7584006760011784,0.0003487629709797592,1.0258315609806656,0.0410115048289299,0.8283324458663499,0.0836190731602183,0.052616572276333214,0.6633,0.6334,0.606,0.5731,0.5257,0.4604,0.3979,0.2858,0.1036,0.0023,tf_efficientnetv2_l.in21k_ft_in1k,EfficientNet_B0,dictatorial_avguncertainty,DuoWrapper,softmax_response,56.08,0.39,0.00695,ood_test
0.7616,0.7584006760011784,0.0003487629709797592,1.0258315609806656,0.0410115048289299,0.8119589278664486,0.08908270862499337,0.05808020774110829,0.6412,0.6113,0.5803,0.5461,0.4934,0.4263,0.3516,0.2152,0.0688,0.0024,tf_efficientnetv2_l.in21k_ft_in1k,EfficientNet_B0,dictatorial_avguncertainty,DuoWrapper,entropy,56.08,0.39,0.00695,ood_test
0.7616,0.7584006760011784,0.00034012615673364386,0.9952994282923113,0.05528004467487335,0.8425125122930883,0.07999736284043546,0.048994861956550374,0.6856,0.6564,0.6206,0.5835,0.5459,0.4945,0.4089,0.2645,0.1107,0.0053,tf_efficientnetv2_l.in21k_ft_in1k,EfficientNet_B0,dictatorial_weighteduncertainty,DuoWrapper,softmax_response,56.08,0.39,0.00695,ood_test
0.7616,0.7584006760011784,0.00034012615673364386,0.9952994282923113,0.05528004467487335,0.8280519960186254,0.08493408502368216,0.053931584139797074,0.6656,0.6381,0.6127,0.5621,0.5186,0.4545,0.3608,0.1888,0.0783,0.006,tf_efficientnetv2_l.in21k_ft_in1k,EfficientNet_B0,dictatorial_weighteduncertainty,DuoWrapper,entropy,56.08,0.39,0.00695,ood_test
0.7672,0.7644570543691974,0.00034012615673364386,0.9952994282923113,0.05528004467487335,0.8387336834707546,0.07872668094642922,0.04922899134608026,0.6886,0.6569,0.6214,0.5836,0.5464,0.4945,0.4089,0.2645,0.1107,0.0053,tf_efficientnetv2_l.in21k_ft_in1k,EfficientNet_B0,temperature_weighted,DuoWrapper,softmax_response,56.08,0.39,0.00695,ood_test
0.7672,0.7644570543691974,0.00034012615673364386,0.9952994282923113,0.05528004467487335,0.8239849228595795,0.08362998548685424,0.05413229588650528,0.6687,0.6424,0.6134,0.5632,0.5206,0.4568,0.3608,0.1888,0.0783,0.006,tf_efficientnetv2_l.in21k_ft_in1k,EfficientNet_B0,temperature_weighted,DuoWrapper,entropy,56.08,0.39,0.00695,ood_test
0.7621,0.7592231145917702,0.00034271529338126167,0.9990401274503913,0.045160580426454544,0.8441630692475532,0.0786250590097904,0.047758585930277625,0.6882,0.6581,0.6156,0.5732,0.5302,0.4804,0.419,0.3371,0.1742,0.0045,tf_efficientnetv2_l.in21k_ft_in1k,EfficientNet_B1,logit_average,DuoWrapper,softmax_response,56.08,0.69,0.0123,ood_test
0.7621,0.7592231145917702,0.00034271529338126167,0.9990401274503913,0.045160580426454544,0.83009680062044,0.08349158068887047,0.052625107609357694,0.6694,0.6373,0.5988,0.5594,0.5077,0.4428,0.3885,0.2759,0.053,0.004,tf_efficientnetv2_l.in21k_ft_in1k,EfficientNet_B1,logit_average,DuoWrapper,entropy,56.08,0.69,0.0123,ood_test
0.7616,0.7584006760011784,0.00034271529338126167,0.9990401274503913,0.045160580426454544,0.8396545344752835,0.07983467758411024,0.048832176700225154,0.6828,0.652,0.6127,0.5716,0.5312,0.4863,0.419,0.3371,0.1742,0.0045,tf_efficientnetv2_l.in21k_ft_in1k,EfficientNet_B1,dictatorial_avguncertainty,DuoWrapper,softmax_response,56.08,0.69,0.0123,ood_test
0.7616,0.7584006760011784,0.00034271529338126167,0.9990401274503913,0.045160580426454544,0.8253672615228977,0.08479764905053139,0.0537951481666463,0.6609,0.6239,0.5941,0.5559,0.5097,0.4436,0.3885,0.2759,0.053,0.004,tf_efficientnetv2_l.in21k_ft_in1k,EfficientNet_B1,dictatorial_avguncertainty,DuoWrapper,entropy,56.08,0.69,0.0123,ood_test
0.7616,0.7584006760011784,0.00033590054481973195,0.9780240645413042,0.050982516258955,0.848832465032993,0.07811226943218437,0.047109768548299284,0.6965,0.6694,0.636,0.5941,0.5437,0.4808,0.4176,0.314,0.1477,0.0038,tf_efficientnetv2_l.in21k_ft_in1k,EfficientNet_B1,dictatorial_weighteduncertainty,DuoWrapper,softmax_response,56.08,0.69,0.0123,ood_test
0.7616,0.7584006760011784,0.00033590054481973195,0.9780240645413042,0.050982516258955,0.833142089155293,0.08364618734443578,0.0526436864605507,0.6803,0.6469,0.6097,0.5608,0.5164,0.4487,0.3501,0.2401,0.0533,0.0035,tf_efficientnetv2_l.in21k_ft_in1k,EfficientNet_B1,dictatorial_weighteduncertainty,DuoWrapper,entropy,56.08,0.69,0.0123,ood_test
0.7675,0.7647139273548617,0.00033590054481973195,0.9780240645413042,0.050982516258955,0.8437816398725088,0.07703639686198814,0.0476181659403835,0.6975,0.6693,0.6352,0.5941,0.5437,0.4808,0.4176,0.314,0.1477,0.0038,tf_efficientnetv2_l.in21k_ft_in1k,EfficientNet_B1,temperature_weighted,DuoWrapper,softmax_response,56.08,0.69,0.0123,ood_test
0.7675,0.7647139273548617,0.00033590054481973195,0.9780240645413042,0.050982516258955,0.8283441700816083,0.08243211962454364,0.053013888702938994,0.6826,0.6525,0.6092,0.5608,0.5164,0.4487,0.3501,0.2401,0.0533,0.0035,tf_efficientnetv2_l.in21k_ft_in1k,EfficientNet_B1,temperature_weighted,DuoWrapper,entropy,56.08,0.69,0.0123,ood_test
0.7674,0.7649024337489371,0.000341976318222258,1.0028093977634427,0.04490462690591812,0.8342640760159654,0.08022211309404288,0.05077740897777004,0.6901,0.6594,0.6234,0.5815,0.5455,0.4842,0.3702,0.2608,0.0421,0.016,tf_efficientnetv2_l.in21k_ft_in1k,EfficientNet_B2,logit_average,DuoWrapper,softmax_response,56.08,1.09,0.01944,ood_test
0.7674,0.7649024337489371,0.000341976318222258,1.0028093977634427,0.04490462690591812,0.8225202529742196,0.08492963712785635,0.05548493301158351,0.6709,0.6418,0.6071,0.5646,0.5089,0.4353,0.2955,0.1975,0.0134,0.0118,tf_efficientnetv2_l.in21k_ft_in1k,EfficientNet_B2,logit_average,DuoWrapper,entropy,56.08,1.09,0.01944,ood_test
0.7616,0.7584006760011784,0.000341976318222258,1.0028093977634427,0.04490462690591812,0.8369436661514438,0.08186610719830606,0.050863606314420974,0.6835,0.657,0.6213,0.5796,0.5424,0.4842,0.3702,0.2608,0.0421,0.016,tf_efficientnetv2_l.in21k_ft_in1k,EfficientNet_B2,dictatorial_avguncertainty,DuoWrapper,softmax_response,56.08,1.09,0.01944,ood_test
0.7616,0.7584006760011784,0.000341976318222258,1.0028093977634427,0.04490462690591812,0.8240459748286899,0.08691192715046905,0.05590942626658397,0.6638,0.6368,0.6013,0.5623,0.5089,0.4353,0.2955,0.1975,0.0134,0.0118,tf_efficientnetv2_l.in21k_ft_in1k,EfficientNet_B2,dictatorial_avguncertainty,DuoWrapper,entropy,56.08,1.09,0.01944,ood_test
0.7616,0.7584006760011784,0.0003369664810942434,0.9851625127112799,0.057322774082422256,0.8469262652628166,0.07934204722971491,0.04833954634582983,0.7014,0.6671,0.633,0.5989,0.5495,0.4864,0.3952,0.252,0.0954,0.0129,tf_efficientnetv2_l.in21k_ft_in1k,EfficientNet_B2,dictatorial_weighteduncertainty,DuoWrapper,softmax_response,56.08,1.09,0.01944,ood_test
0.7616,0.7584006760011784,0.0003369664810942434,0.9851625127112799,0.057322774082422256,0.834230980301097,0.08427089661404541,0.053268395730160324,0.6833,0.6556,0.6227,0.5767,0.5169,0.4515,0.3126,0.1578,0.0472,0.0125,tf_efficientnetv2_l.in21k_ft_in1k,EfficientNet_B2,dictatorial_weighteduncertainty,DuoWrapper,entropy,56.08,1.09,0.01944,ood_test
0.7716,0.7693716656662972,0.0003369664810942434,0.9851625127112799,0.057322774082422256,0.8361077784102722,0.0779501330453035,0.049606104300964855,0.7034,0.6681,0.6339,0.5995,0.5495,0.4864,0.3952,0.252,0.0954,0.0129,tf_efficientnetv2_l.in21k_ft_in1k,EfficientNet_B2,temperature_weighted,DuoWrapper,softmax_response,56.08,1.09,0.01944,ood_test
0.7716,0.7693716656662972,0.0003369664810942434,0.9851625127112799,0.057322774082422256,0.8247792530180423,0.08249245115882474,0.05414842241448609,0.6891,0.6586,0.6231,0.5767,0.5169,0.4515,0.3126,0.1578,0.0472,0.0125,tf_efficientnetv2_l.in21k_ft_in1k,EfficientNet_B2,temperature_weighted,DuoWrapper,entropy,56.08,1.09,0.01944,ood_test
0.7657,0.7632653430583174,0.00033913822960348987,0.9895424339316186,0.05473955720663071,0.843294258846998,0.0777840453468782,0.047887301788968134,0.6945,0.6605,0.6302,0.5893,0.546,0.4981,0.4076,0.2857,0.1167,0.0044,tf_efficientnetv2_l.in21k_ft_in1k,EfficientNet_B3,logit_average,DuoWrapper,softmax_response,56.08,1.83,0.03263,ood_test
0.7657,0.7632653430583174,0.00033913822960348987,0.9895424339316186,0.05473955720663071,0.8309020263873321,0.08275178913661081,0.05285504557870074,0.6813,0.6557,0.6242,0.5811,0.5319,0.4458,0.3406,0.1836,0.0614,0.0038,tf_efficientnetv2_l.in21k_ft_in1k,EfficientNet_B3,logit_average,DuoWrapper,entropy,56.08,1.83,0.03263,ood_test
0.7616,0.7584006760011784,0.00033913822960348987,0.9895424339316186,0.05473955720663071,0.8427411075587953,0.07944080138474549,0.048438300500860405,0.6902,0.657,0.6276,0.5889,0.546,0.4981,0.4076,0.2857,0.1167,0.0044,tf_efficientnetv2_l.in21k_ft_in1k,EfficientNet_B3,dictatorial_avguncertainty,DuoWrapper,softmax_response,56.08,1.83,0.03263,ood_test
0.7616,0.7584006760011784,0.00033913822960348987,0.9895424339316186,0.05473955720663071,0.8311096539077041,0.08430145438425081,0.053298953500365724,0.6783,0.6497,0.6191,0.5787,0.5319,0.4458,0.3406,0.1836,0.0614,0.0038,tf_efficientnetv2_l.in21k_ft_in1k,EfficientNet_B3,dictatorial_avguncertainty,DuoWrapper,entropy,56.08,1.83,0.03263,ood_test
0.7616,0.7584006760011784,0.000334787434122501,0.976005953291191,0.05885583907365799,0.849438472431758,0.07832512562032302,0.04732262473643794,0.7021,0.6682,0.6352,0.6001,0.5537,0.4924,0.3815,0.2656,0.0825,0.0057,tf_efficientnetv2_l.in21k_ft_in1k,EfficientNet_B3,dictatorial_weighteduncertainty,DuoWrapper,softmax_response,56.08,1.83,0.03263,ood_test
0.7616,0.7584006760011784,0.000334787434122501,0.976005953291191,0.05885583907365799,0.8359150838397439,0.08355416677271163,0.052551665888826544,0.6872,0.6547,0.6221,0.5764,0.5217,0.4243,0.329,0.1211,0.0366,0.0055,tf_efficientnetv2_l.in21k_ft_in1k,EfficientNet_B3,dictatorial_weighteduncertainty,DuoWrapper,entropy,56.08,1.83,0.03263,ood_test
0.7708,0.7684421652116702,0.000334787434122501,0.976005953291191,0.05885583907365799,0.8404498148384625,0.07687825186383161,0.04832633705686246,0.7037,0.6693,0.6352,0.6001,0.5537,0.4924,0.3815,0.2656,0.0825,0.0057,tf_efficientnetv2_l.in21k_ft_in1k,EfficientNet_B3,temperature_weighted,DuoWrapper,softmax_response,56.08,1.83,0.03263,ood_test
0.7708,0.7684421652116702,0.000334787434122501,0.976005953291191,0.05885583907365799,0.8276595065438234,0.08184921649296698,0.053297301685997826,0.6895,0.6581,0.6226,0.5764,0.5217,0.4243,0.329,0.1211,0.0366,0.0055,tf_efficientnetv2_l.in21k_ft_in1k,EfficientNet_B3,temperature_weighted,DuoWrapper,entropy,56.08,1.83,0.03263,ood_test
0.7748,0.7720613713326664,0.0003300958001754671,0.9641999681266854,0.05717863887548447,0.8428485469463958,0.0754425558374291,0.04792178547102355,0.7181,0.6858,0.6563,0.618,0.5703,0.4976,0.4111,0.2869,0.0166,0.004,tf_efficientnetv2_l.in21k_ft_in1k,EfficientNet_B4,logit_average,DuoWrapper,softmax_response,56.08,4.39,0.07828,ood_test
0.7748,0.7720613713326664,0.0003300958001754671,0.9641999681266854,0.05717863887548447,0.8302077726355326,0.08047508491542042,0.052954314549014864,0.7087,0.6794,0.6455,0.5999,0.5435,0.4632,0.3452,0.1757,0.0124,0.004,tf_efficientnetv2_l.in21k_ft_in1k,EfficientNet_B4,logit_average,DuoWrapper,entropy,56.08,4.39,0.07828,ood_test
0.7616,0.7584006760011784,0.0003300958001754671,0.9641999681266854,0.05717863887548447,0.8513596254881987,0.07861387720980108,0.04761137632591599,0.7071,0.682,0.6505,0.6159,0.5707,0.4975,0.4105,0.2743,0.0166,0.004,tf_efficientnetv2_l.in21k_ft_in1k,EfficientNet_B4,dictatorial_avguncertainty,DuoWrapper,softmax_response,56.08,4.39,0.07828,ood_test
0.7616,0.7584006760011784,0.0003300958001754671,0.9641999681266854,0.05717863887548447,0.840043402532993,0.08352412032883641,0.052521619444951324,0.7014,0.6707,0.6381,0.5931,0.5439,0.4632,0.3179,0.1673,0.0124,0.004,tf_efficientnetv2_l.in21k_ft_in1k,EfficientNet_B4,dictatorial_avguncertainty,DuoWrapper,entropy,56.08,4.39,0.07828,ood_test
0.7616,0.7584006760011784,0.0003296476254294898,0.9619896087689198,0.06567984819412231,0.856649233466457,0.07700927802884751,0.04600677714496242,0.7171,0.689,0.6501,0.6188,0.5725,0.501,0.4308,0.282,0.0119,0.0047,tf_efficientnetv2_l.in21k_ft_in1k,EfficientNet_B4,dictatorial_weighteduncertainty,DuoWrapper,softmax_response,56.08,4.39,0.07828,ood_test
0.7616,0.7584006760011784,0.0003296476254294898,0.9619896087689198,0.06567984819412231,0.8450169261286731,0.08181231075841448,0.0508098098745294,0.7037,0.6785,0.6463,0.5986,0.5393,0.4566,0.3453,0.2137,0.0104,0.0046,tf_efficientnetv2_l.in21k_ft_in1k,EfficientNet_B4,dictatorial_weighteduncertainty,DuoWrapper,entropy,56.08,4.39,0.07828,ood_test
0.7772,0.774848059725247,0.0003296476254294898,0.9619896087689198,0.06567984819412231,0.841094539298185,0.07464927094608141,0.04773726815200363,0.7218,0.6905,0.6501,0.6188,0.5735,0.5036,0.4313,0.282,0.0119,0.0047,tf_efficientnetv2_l.in21k_ft_in1k,EfficientNet_B4,temperature_weighted,DuoWrapper,softmax_response,56.08,4.39,0.07828,ood_test
0.7772,0.774848059725247,0.0003296476254294898,0.9619896087689198,0.06567984819412231,0.8296172168009085,0.07929214553804083,0.05238014274396305,0.7087,0.683,0.649,0.5972,0.5404,0.4651,0.3453,0.2137,0.0104,0.0046,tf_efficientnetv2_l.in21k_ft_in1k,EfficientNet_B4,temperature_weighted,DuoWrapper,entropy,56.08,4.39,0.07828,ood_test
0.7717,0.768924468129507,0.00033214691650684764,0.963273124321501,0.06087874621152878,0.8461288628373703,0.07455731800343156,0.046239216678903135,0.7167,0.6813,0.646,0.6089,0.5714,0.5216,0.4403,0.2903,0.0958,0.0125,tf_efficientnetv2_l.in21k_ft_in1k,EfficientNet_B5,logit_average,DuoWrapper,softmax_response,56.08,10.27,0.18313,ood_test
0.7717,0.768924468129507,0.00033214691650684764,0.963273124321501,0.06087874621152878,0.8348018104984183,0.07918229109243198,0.05086418976790356,0.6994,0.6692,0.6341,0.6003,0.5484,0.4874,0.3421,0.238,0.0575,0.0058,tf_efficientnetv2_l.in21k_ft_in1k,EfficientNet_B5,logit_average,DuoWrapper,entropy,56.08,10.27,0.18313,ood_test
0.7616,0.7584006760011784,0.00033214691650684764,0.963273124321501,0.06087874621152878,0.8526721274709548,0.07682754716942163,0.04582504628553654,0.7099,0.6814,0.646,0.6105,0.5721,0.5229,0.4403,0.2903,0.0958,0.0125,tf_efficientnetv2_l.in21k_ft_in1k,EfficientNet_B5,dictatorial_avguncertainty,DuoWrapper,softmax_response,56.08,10.27,0.18313,ood_test
0.7616,0.7584006760011784,0.00033214691650684764,0.963273124321501,0.06087874621152878,0.8435144375493486,0.08106413834241621,0.05006163745853113,0.6974,0.6692,0.6339,0.5997,0.5484,0.4874,0.3421,0.238,0.0575,0.0058,tf_efficientnetv2_l.in21k_ft_in1k,EfficientNet_B5,dictatorial_avguncertainty,DuoWrapper,entropy,56.08,10.27,0.18313,ood_test
0.7616,0.7584006760011784,0.0003306008219013516,0.9594067645490096,0.06358802318572998,0.8558738381048727,0.07663527367309352,0.04563277278920843,0.7159,0.6856,0.6523,0.6107,0.5708,0.5147,0.4206,0.2838,0.0773,0.0079,tf_efficientnetv2_l.in21k_ft_in1k,EfficientNet_B5,dictatorial_weighteduncertainty,DuoWrapper,softmax_response,56.08,10.27,0.18313,ood_test
0.7616,0.7584006760011784,0.0003306008219013516,0.9594067645490096,0.06358802318572998,0.8450614279898201,0.08125060751465536,0.05024810663077028,0.7025,0.6757,0.6316,0.5933,0.5459,0.4682,0.3358,0.1047,0.0518,0.008,tf_efficientnetv2_l.in21k_ft_in1k,EfficientNet_B5,dictatorial_weighteduncertainty,DuoWrapper,entropy,56.08,10.27,0.18313,ood_test
0.7742,0.7715264362577671,0.0003306008219013516,0.9594067645490096,0.06358802318572998,0.8433830321490752,0.07474399562516028,0.04706987267360938,0.7162,0.6856,0.6516,0.6089,0.5708,0.5147,0.4206,0.2838,0.0773,0.0079,tf_efficientnetv2_l.in21k_ft_in1k,EfficientNet_B5,temperature_weighted,DuoWrapper,softmax_response,56.08,10.27,0.18313,ood_test
0.7742,0.7715264362577671,0.0003306008219013516,0.9594067645490096,0.06358802318572998,0.8318291472165101,0.07941057031533318,0.05173644736378228,0.7065,0.677,0.6324,0.5933,0.5459,0.4682,0.3358,0.1047,0.0518,0.008,tf_efficientnetv2_l.in21k_ft_in1k,EfficientNet_B5,temperature_weighted,DuoWrapper,entropy,56.08,10.27,0.18313,ood_test
0.7768,0.7739069275651493,0.0003258389094667725,0.9406182062804881,0.05398121103644371,0.8458914882395934,0.07207162304130864,0.04505867427225352,0.7241,0.6929,0.6627,0.6236,0.5859,0.5123,0.4232,0.3508,0.1557,0.0126,tf_efficientnetv2_l.in21k_ft_in1k,EfficientNet_B6,logit_average,DuoWrapper,softmax_response,56.08,19.07,0.34005,ood_test
0.7768,0.7739069275651493,0.0003258389094667725,0.9406182062804881,0.05398121103644371,0.8352810007234902,0.07628169687283305,0.04926874810377793,0.7147,0.685,0.6533,0.6146,0.556,0.4962,0.3707,0.2639,0.0506,0.0121,tf_efficientnetv2_l.in21k_ft_in1k,EfficientNet_B6,logit_average,DuoWrapper,entropy,56.08,19.07,0.34005,ood_test
0.7616,0.7584006760011784,0.0003258389094667725,0.9406182062804881,0.05398121103644371,0.8575431535869381,0.07506416928169489,0.044061668397809804,0.7161,0.6883,0.6619,0.6238,0.586,0.5125,0.4232,0.3508,0.1557,0.0126,tf_efficientnetv2_l.in21k_ft_in1k,EfficientNet_B6,dictatorial_avguncertainty,DuoWrapper,softmax_response,56.08,19.07,0.34005,ood_test
0.7616,0.7584006760011784,0.0003258389094667725,0.9406182062804881,0.05398121103644371,0.8485455161510913,0.0790174817363237,0.04801498085243861,0.7064,0.6795,0.6509,0.6166,0.5562,0.4971,0.3751,0.2639,0.0506,0.0121,tf_efficientnetv2_l.in21k_ft_in1k,EfficientNet_B6,dictatorial_avguncertainty,DuoWrapper,entropy,56.08,19.07,0.34005,ood_test
0.7616,0.7584006760011784,0.0003258436081126817,0.9421536640526341,0.05904240533709526,0.8601180378820992,0.074937531876022,0.04393503099213692,0.7223,0.6962,0.6595,0.6209,0.5838,0.5108,0.4261,0.3041,0.1703,0.0092,tf_efficientnetv2_l.in21k_ft_in1k,EfficientNet_B6,dictatorial_weighteduncertainty,DuoWrapper,softmax_response,56.08,19.07,0.34005,ood_test
0.7616,0.7584006760011784,0.0003258436081126817,0.9421536640526341,0.05904240533709526,0.8495659195935086,0.07925556271692324,0.04825306183303816,0.7104,0.6819,0.6539,0.6078,0.5537,0.4883,0.3657,0.1954,0.0512,0.0113,tf_efficientnetv2_l.in21k_ft_in1k,EfficientNet_B6,dictatorial_weighteduncertainty,DuoWrapper,entropy,56.08,19.07,0.34005,ood_test
0.7777,0.7751977377654912,0.0003258436081126817,0.9421536640526341,0.05904240533709526,0.8440527106498967,0.07257290422000533,0.04578679440627763,0.7252,0.6962,0.6595,0.6204,0.5838,0.5108,0.4261,0.3041,0.1703,0.0092,tf_efficientnetv2_l.in21k_ft_in1k,EfficientNet_B6,temperature_weighted,DuoWrapper,softmax_response,56.08,19.07,0.34005,ood_test
0.7777,0.7751977377654912,0.0003258436081126817,0.9421536640526341,0.05904240533709526,0.8330326381394646,0.07687231931856103,0.050086209504833334,0.7166,0.6824,0.6513,0.6075,0.5536,0.4883,0.3657,0.1954,0.0512,0.0113,tf_efficientnetv2_l.in21k_ft_in1k,EfficientNet_B6,temperature_weighted,DuoWrapper,entropy,56.08,19.07,0.34005,ood_test
0.7427,0.7399114932589608,0.0003713148396739176,1.1052064400806514,0.031741317361593246,0.8281637868072139,0.09248410619102737,0.05609707440886738,0.6262,0.5879,0.5301,0.4937,0.4362,0.3787,0.3356,0.2525,0.1613,0.0133,tf_efficientnetv2_l.in21k_ft_in1k,MNASNet0_5,logit_average,DuoWrapper,softmax_response,56.08,0.1,0.00178,ood_test
0.7427,0.7399114932589608,0.0003713148396739176,1.1052064400806514,0.031741317361593246,0.7977424624421844,0.10200574319883875,0.06561871141667876,0.5611,0.5264,0.4903,0.4476,0.3851,0.3371,0.3053,0.2357,0.0766,0.0139,tf_efficientnetv2_l.in21k_ft_in1k,MNASNet0_5,logit_average,DuoWrapper,entropy,56.08,0.1,0.00178,ood_test
0.7616,0.7584006760011784,0.0003713148396739176,1.1052064400806514,0.031741317361593246,0.8029295387932858,0.09081005508960067,0.05980755420571559,0.6184,0.5815,0.5227,0.4858,0.4323,0.3741,0.3202,0.2525,0.1613,0.0133,tf_efficientnetv2_l.in21k_ft_in1k,MNASNet0_5,dictatorial_avguncertainty,DuoWrapper,softmax_response,56.08,0.1,0.00178,ood_test
0.7616,0.7584006760011784,0.0003713148396739176,1.1052064400806514,0.031741317361593246,0.775413371619621,0.0992952289022661,0.06829272801838102,0.5602,0.5289,0.4851,0.4381,0.3751,0.3351,0.2872,0.2331,0.0766,0.0139,tf_efficientnetv2_l.in21k_ft_in1k,MNASNet0_5,dictatorial_avguncertainty,DuoWrapper,entropy,56.08,0.1,0.00178,ood_test
0.7616,0.7584006760011784,0.00034394654506122795,1.0119417728737379,0.0671578198671341,0.8429367395028482,0.08096421301967696,0.049961712135791876,0.6927,0.6667,0.6168,0.5805,0.5354,0.4502,0.3631,0.1725,0.0564,0.0058,tf_efficientnetv2_l.in21k_ft_in1k,MNASNet0_5,dictatorial_weighteduncertainty,DuoWrapper,softmax_response,56.08,0.1,0.00178,ood_test
0.7616,0.7584006760011784,0.00034394654506122795,1.0119417728737379,0.0671578198671341,0.8274627318943517,0.08661093470645272,0.05560843382256763,0.6724,0.6405,0.5889,0.5507,0.4902,0.3923,0.2935,0.137,0.0369,0.0059,tf_efficientnetv2_l.in21k_ft_in1k,MNASNet0_5,dictatorial_weighteduncertainty,DuoWrapper,entropy,56.08,0.1,0.00178,ood_test
0.7652,0.7623064780457182,0.00034394654506122795,1.0119417728737379,0.0671578198671341,0.8377640188934138,0.0807311320954946,0.05070071783842106,0.6927,0.6667,0.6168,0.5805,0.5354,0.4502,0.3631,0.1725,0.0564,0.0058,tf_efficientnetv2_l.in21k_ft_in1k,MNASNet0_5,temperature_weighted,DuoWrapper,softmax_response,56.08,0.1,0.00178,ood_test
0.7652,0.7623064780457182,0.00034394654506122795,1.0119417728737379,0.0671578198671341,0.8230535480363441,0.08617203185200144,0.0561416175949279,0.6729,0.6406,0.5889,0.5507,0.4902,0.3923,0.2935,0.137,0.0369,0.0059,tf_efficientnetv2_l.in21k_ft_in1k,MNASNet0_5,temperature_weighted,DuoWrapper,entropy,56.08,0.1,0.00178,ood_test
0.7515,0.7491649015439452,0.00035926044092178343,1.0559824857177245,0.02967817336320877,0.829436820523942,0.08834343958658171,0.0545225935157396,0.6349,0.6092,0.569,0.5216,0.4679,0.4231,0.3535,0.2578,0.1022,0.0108,tf_efficientnetv2_l.in21k_ft_in1k,MNASNet0_75,logit_average,DuoWrapper,softmax_response,56.08,0.21,0.00374,ood_test
0.7515,0.7491649015439452,0.00035926044092178343,1.0559824857177245,0.02967817336320877,0.8003840742391809,0.09751291894165559,0.06369207287081348,0.5756,0.5514,0.5079,0.4688,0.4214,0.377,0.3292,0.1975,0.0617,0.0114,tf_efficientnetv2_l.in21k_ft_in1k,MNASNet0_75,logit_average,DuoWrapper,entropy,56.08,0.21,0.00374,ood_test
0.7616,0.7584006760011784,0.00035926044092178343,1.0559824857177245,0.02967817336320877,0.8149372479696577,0.08778549065808652,0.05678298977420144,0.6291,0.5993,0.5593,0.516,0.4643,0.4212,0.3505,0.2578,0.1022,0.0108,tf_efficientnetv2_l.in21k_ft_in1k,MNASNet0_75,dictatorial_avguncertainty,DuoWrapper,softmax_response,56.08,0.21,0.00374,ood_test
0.7616,0.7584006760011784,0.00035926044092178343,1.0559824857177245,0.02967817336320877,0.7884067033902487,0.09621805747667028,0.06521555659278519,0.5751,0.5436,0.4997,0.4652,0.421,0.3753,0.3269,0.1975,0.0617,0.0114,tf_efficientnetv2_l.in21k_ft_in1k,MNASNet0_75,dictatorial_avguncertainty,DuoWrapper,entropy,56.08,0.21,0.00374,ood_test
0.7616,0.7584006760011784,0.00034290651645603156,1.0080799635959612,0.06881117075681686,0.844424054489665,0.08082400456725429,0.049821503683369205,0.6946,0.6623,0.6279,0.5845,0.5357,0.4485,0.3678,0.1514,0.0601,0.0202,tf_efficientnetv2_l.in21k_ft_in1k,MNASNet0_75,dictatorial_weighteduncertainty,DuoWrapper,softmax_response,56.08,0.21,0.00374,ood_test
0.7616,0.7584006760011784,0.00034290651645603156,1.0080799635959612,0.06881117075681686,0.8291121922762392,0.08642421028122028,0.0554217093973352,0.6717,0.6392,0.6031,0.5545,0.4927,0.401,0.2704,0.1006,0.0206,0.0061,tf_efficientnetv2_l.in21k_ft_in1k,MNASNet0_75,dictatorial_weighteduncertainty,DuoWrapper,entropy,56.08,0.21,0.00374,ood_test
0.7652,0.7625661278927366,0.00034290651645603156,1.0080799635959612,0.06881117075681686,0.8397903288358768,0.08048720104350579,0.050456786786432256,0.6946,0.6623,0.6279,0.5845,0.5357,0.4485,0.3678,0.1514,0.0601,0.0202,tf_efficientnetv2_l.in21k_ft_in1k,MNASNet0_75,temperature_weighted,DuoWrapper,softmax_response,56.08,0.21,0.00374,ood_test
0.7652,0.7625661278927366,0.00034290651645603156,1.0080799635959612,0.06881117075681686,0.8255970313403049,0.08580357855616924,0.05577316429909571,0.6733,0.6392,0.6031,0.5545,0.4927,0.401,0.2704,0.1006,0.0206,0.0061,tf_efficientnetv2_l.in21k_ft_in1k,MNASNet0_75,temperature_weighted,DuoWrapper,entropy,56.08,0.21,0.00374,ood_test
0.7523,0.7496237434318057,0.0003550897700609496,1.0330953274747514,0.029870979487895966,0.83840314007304,0.08379722270203833,0.05020453822116337,0.6581,0.6256,0.5841,0.5477,0.4972,0.4269,0.3752,0.2895,0.2176,0.0151,tf_efficientnetv2_l.in21k_ft_in1k,MNASNet1_0,logit_average,DuoWrapper,softmax_response,56.08,0.31,0.00553,ood_test
0.7523,0.7496237434318057,0.0003550897700609496,1.0330953274747514,0.029870979487895966,0.8157788326805736,0.0901271087588451,0.05653442427797013,0.6163,0.5857,0.5428,0.5053,0.4645,0.4166,0.3656,0.2852,0.2017,0.0144,tf_efficientnetv2_l.in21k_ft_in1k,MNASNet1_0,logit_average,DuoWrapper,entropy,56.08,0.31,0.00553,ood_test
0.7616,0.7584006760011784,0.0003550897700609496,1.0330953274747514,0.029870979487895966,0.8252909254095934,0.08317924091260902,0.05217674002872393,0.6537,0.6219,0.5858,0.5486,0.4974,0.4342,0.3752,0.2895,0.2176,0.0151,tf_efficientnetv2_l.in21k_ft_in1k,MNASNet1_0,dictatorial_avguncertainty,DuoWrapper,softmax_response,56.08,0.31,0.00553,ood_test
0.7616,0.7584006760011784,0.0003550897700609496,1.0330953274747514,0.029870979487895966,0.8040514758755851,0.0890857515450151,0.05808325066113001,0.6138,0.5816,0.541,0.5046,0.4646,0.4174,0.3651,0.2852,0.2017,0.0144,tf_efficientnetv2_l.in21k_ft_in1k,MNASNet1_0,dictatorial_avguncertainty,DuoWrapper,entropy,56.08,0.31,0.00553,ood_test
0.7616,0.7584006760011784,0.00034174173727734785,0.98433069093565,0.04332436993718147,0.8422348162734052,0.07855179500850716,0.047549294124622075,0.6852,0.6535,0.6148,0.5776,0.5325,0.4666,0.3903,0.3054,0.2155,0.0078,tf_efficientnetv2_l.in21k_ft_in1k,MNASNet1_0,dictatorial_weighteduncertainty,DuoWrapper,softmax_response,56.08,0.31,0.00553,ood_test
0.7616,0.7584006760011784,0.00034174173727734785,0.98433069093565,0.04332436993718147,0.8247176885645198,0.08354389894302436,0.05254139805913927,0.6516,0.6238,0.5856,0.5418,0.4974,0.4422,0.3655,0.2941,0.2114,0.0074,tf_efficientnetv2_l.in21k_ft_in1k,MNASNet1_0,dictatorial_weighteduncertainty,DuoWrapper,entropy,56.08,0.31,0.00553,ood_test
0.763,0.7602346624884839,0.00034174173727734785,0.98433069093565,0.04332436993718147,0.8418745403166493,0.0780916475479362,0.04746919799761273,0.6843,0.6535,0.6158,0.5777,0.5325,0.4666,0.3903,0.3054,0.2155,0.0078,tf_efficientnetv2_l.in21k_ft_in1k,MNASNet1_0,temperature_weighted,DuoWrapper,softmax_response,56.08,0.31,0.00553,ood_test
0.763,0.7602346624884839,0.00034174173727734785,0.98433069093565,0.04332436993718147,0.8245529804071204,0.08300785714270881,0.052385407592385344,0.6544,0.6218,0.5883,0.5424,0.4974,0.4422,0.3655,0.2941,0.2114,0.0074,tf_efficientnetv2_l.in21k_ft_in1k,MNASNet1_0,temperature_weighted,DuoWrapper,entropy,56.08,0.31,0.00553,ood_test
0.7558,0.7531804221494701,0.0003514167674841521,1.031169298725517,0.03501775115728378,0.8359883133632803,0.08512878450637305,0.05252431625997267,0.6701,0.6324,0.5964,0.5582,0.4954,0.4228,0.3603,0.221,0.0614,0.0155,tf_efficientnetv2_l.in21k_ft_in1k,MNASNet1_3,logit_average,DuoWrapper,softmax_response,56.08,0.53,0.00945,ood_test
0.7558,0.7531804221494701,0.0003514167674841521,1.031169298725517,0.03501775115728378,0.8143505403693285,0.09241839428305532,0.05981392603665493,0.6228,0.5937,0.5564,0.5087,0.4556,0.3832,0.2681,0.1541,0.0508,0.0139,tf_efficientnetv2_l.in21k_ft_in1k,MNASNet1_3,logit_average,DuoWrapper,entropy,56.08,0.53,0.00945,ood_test
0.7616,0.7584006760011784,0.0003514167674841521,1.031169298725517,0.03501775115728378,0.8256133986732277,0.0852955171199535,0.05429301623606842,0.6608,0.6254,0.5896,0.549,0.4953,0.4204,0.3603,0.221,0.0614,0.0155,tf_efficientnetv2_l.in21k_ft_in1k,MNASNet1_3,dictatorial_avguncertainty,DuoWrapper,softmax_response,56.08,0.53,0.00945,ood_test
0.7616,0.7584006760011784,0.0003514167674841521,1.031169298725517,0.03501775115728378,0.8048853350064858,0.09234756680224605,0.06134506591836097,0.6162,0.5837,0.5516,0.5052,0.4549,0.3832,0.2681,0.1541,0.0508,0.0139,tf_efficientnetv2_l.in21k_ft_in1k,MNASNet1_3,dictatorial_avguncertainty,DuoWrapper,entropy,56.08,0.53,0.00945,ood_test
0.7616,0.7584006760011784,0.0003422602117451823,1.0082773034959842,0.0706235021352768,0.8452050401221731,0.0809316632103293,0.04992916232644421,0.6956,0.6669,0.6278,0.5911,0.5258,0.4527,0.3682,0.1815,0.0388,0.013,tf_efficientnetv2_l.in21k_ft_in1k,MNASNet1_3,dictatorial_weighteduncertainty,DuoWrapper,softmax_response,56.08,0.53,0.00945,ood_test
0.7616,0.7584006760011784,0.0003422602117451823,1.0082773034959842,0.0706235021352768,0.8302670376036321,0.08655393604568425,0.05555143516179916,0.6802,0.6427,0.604,0.562,0.4934,0.3773,0.2629,0.1039,0.0281,0.0117,tf_efficientnetv2_l.in21k_ft_in1k,MNASNet1_3,dictatorial_weighteduncertainty,DuoWrapper,entropy,56.08,0.53,0.00945,ood_test
0.7658,0.7627680833542778,0.0003422602117451823,1.0082773034959842,0.0706235021352768,0.8400936859006025,0.08048288497016312,0.05061283636542559,0.6956,0.6669,0.6278,0.5911,0.5258,0.4527,0.3682,0.1815,0.0388,0.013,tf_efficientnetv2_l.in21k_ft_in1k,MNASNet1_3,temperature_weighted,DuoWrapper,softmax_response,56.08,0.53,0.00945,ood_test
0.7658,0.7627680833542778,0.0003422602117451823,1.0082773034959842,0.0706235021352768,0.8269334948644653,0.08567104275698649,0.055800994152248956,0.6818,0.6427,0.604,0.562,0.4934,0.3773,0.2629,0.1039,0.0281,0.0117,tf_efficientnetv2_l.in21k_ft_in1k,MNASNet1_3,temperature_weighted,DuoWrapper,entropy,56.08,0.53,0.00945,ood_test
0.7691,0.7662071236888048,0.0003375752649547542,1.001169168232556,0.05503358691930771,0.8423845197901919,0.07799746576972116,0.04900103512902408,0.7065,0.6791,0.6501,0.609,0.5661,0.5028,0.4478,0.2167,0.0037,0.0037,tf_efficientnetv2_l.in21k_ft_in1k,RegNet_X_16GF,logit_average,DuoWrapper,softmax_response,56.08,15.94,0.28424,ood_test
0.7691,0.7662071236888048,0.0003375752649547542,1.001169168232556,0.05503358691930771,0.8314356056380603,0.0824466837308675,0.053450253090170416,0.6968,0.6661,0.6317,0.5826,0.534,0.477,0.3932,0.0294,0.0033,0.0033,tf_efficientnetv2_l.in21k_ft_in1k,RegNet_X_16GF,logit_average,DuoWrapper,entropy,56.08,15.94,0.28424,ood_test
0.7616,0.7584006760011784,0.0003375752649547542,1.001169168232556,0.05503358691930771,0.8453008733380097,0.08022214866684371,0.04921964778295863,0.6992,0.6734,0.6458,0.6001,0.5605,0.5021,0.4478,0.2167,0.0037,0.0037,tf_efficientnetv2_l.in21k_ft_in1k,RegNet_X_16GF,dictatorial_avguncertainty,DuoWrapper,softmax_response,56.08,15.94,0.28424,ood_test
0.7616,0.7584006760011784,0.0003375752649547542,1.001169168232556,0.05503358691930771,0.8347075853202018,0.08468762760856534,0.05368512672468025,0.6867,0.6572,0.6242,0.5739,0.5327,0.4716,0.3932,0.0294,0.0033,0.0033,tf_efficientnetv2_l.in21k_ft_in1k,RegNet_X_16GF,dictatorial_avguncertainty,DuoWrapper,entropy,56.08,15.94,0.28424,ood_test
0.7616,0.7584006760011784,0.0003342395827621031,0.9849783692021156,0.06403131783008575,0.8531258757173171,0.07809165222658274,0.04708915134269765,0.7109,0.6801,0.6495,0.6173,0.5646,0.515,0.4301,0.2348,0.007,0.0042,tf_efficientnetv2_l.in21k_ft_in1k,RegNet_X_16GF,dictatorial_weighteduncertainty,DuoWrapper,softmax_response,56.08,15.94,0.28424,ood_test
0.7616,0.7584006760011784,0.0003342395827621031,0.9849783692021156,0.06403131783008575,0.8416539788629378,0.08263763491248231,0.05163513402859723,0.6931,0.669,0.6369,0.602,0.541,0.477,0.3702,0.1375,0.0059,0.0043,tf_efficientnetv2_l.in21k_ft_in1k,RegNet_X_16GF,dictatorial_weighteduncertainty,DuoWrapper,entropy,56.08,15.94,0.28424,ood_test
0.7729,0.7702354680048247,0.0003342395827621031,0.9849783692021156,0.06403131783008575,0.8421863444526807,0.07629254518128913,0.0482845626188872,0.7143,0.6846,0.6502,0.6173,0.5646,0.515,0.4301,0.2348,0.007,0.0042,tf_efficientnetv2_l.in21k_ft_in1k,RegNet_X_16GF,temperature_weighted,DuoWrapper,softmax_response,56.08,15.94,0.28424,ood_test
0.7729,0.7702354680048247,0.0003342395827621031,0.9849783692021156,0.06403131783008575,0.8314635205043321,0.0805781036718534,0.05257012110945148,0.6976,0.6714,0.639,0.6021,0.541,0.477,0.3702,0.1375,0.0059,0.0043,tf_efficientnetv2_l.in21k_ft_in1k,RegNet_X_16GF,temperature_weighted,DuoWrapper,entropy,56.08,15.94,0.28424,ood_test
0.7607,0.758272233552664,0.00034602434276898985,1.0201577911844038,0.04989957809448242,0.8376406064948536,0.08297517920040072,0.05172700091780148,0.6783,0.6452,0.6102,0.5675,0.5242,0.4736,0.3826,0.1397,0.0414,0.0153,tf_efficientnetv2_l.in21k_ft_in1k,RegNet_X_1_6GF,logit_average,DuoWrapper,softmax_response,56.08,1.6,0.02853,ood_test
0.7607,0.758272233552664,0.00034602434276898985,1.0201577911844038,0.04989957809448242,0.8193698031774129,0.08958247088324328,0.058334292600644044,0.6498,0.6145,0.5749,0.5321,0.4911,0.4273,0.3104,0.0583,0.0265,0.0144,tf_efficientnetv2_l.in21k_ft_in1k,RegNet_X_1_6GF,logit_average,DuoWrapper,entropy,56.08,1.6,0.02853,ood_test
0.7616,0.7584006760011784,0.00034602434276898985,1.0201577911844038,0.04989957809448242,0.831712659633904,0.084070826507783,0.05306832562389791,0.6685,0.6367,0.6057,0.5561,0.5186,0.4731,0.3819,0.1397,0.0414,0.0153,tf_efficientnetv2_l.in21k_ft_in1k,RegNet_X_1_6GF,dictatorial_avguncertainty,DuoWrapper,softmax_response,56.08,1.6,0.02853,ood_test
0.7616,0.7584006760011784,0.00034602434276898985,1.0201577911844038,0.04989957809448242,0.815087221444786,0.09037737728429374,0.05937487640040865,0.6447,0.6071,0.567,0.5277,0.4884,0.4161,0.3078,0.0583,0.0265,0.0144,tf_efficientnetv2_l.in21k_ft_in1k,RegNet_X_1_6GF,dictatorial_avguncertainty,DuoWrapper,entropy,56.08,1.6,0.02853,ood_test
0.7616,0.7584006760011784,0.00033677751336063587,0.9892373973994334,0.05295965075492859,0.8451497983316648,0.08029880124760935,0.04929630036372427,0.6912,0.6623,0.6252,0.5848,0.532,0.4789,0.4073,0.1769,0.0541,0.0305,tf_efficientnetv2_l.in21k_ft_in1k,RegNet_X_1_6GF,dictatorial_weighteduncertainty,DuoWrapper,softmax_response,56.08,1.6,0.02853,ood_test
0.7616,0.7584006760011784,0.00033677751336063587,0.9892373973994334,0.05295965075492859,0.8274191387964582,0.08668882775777159,0.055686326873886506,0.6678,0.6304,0.594,0.5472,0.4981,0.4307,0.3427,0.0603,0.0408,0.0207,tf_efficientnetv2_l.in21k_ft_in1k,RegNet_X_1_6GF,dictatorial_weighteduncertainty,DuoWrapper,entropy,56.08,1.6,0.02853,ood_test
0.7671,0.7643545704795855,0.00033677751336063587,0.9892373973994334,0.05295965075492859,0.8408121087942584,0.07917408460409135,0.049649882710937426,0.6953,0.6634,0.6254,0.585,0.5322,0.4789,0.4073,0.1769,0.0541,0.0305,tf_efficientnetv2_l.in21k_ft_in1k,RegNet_X_1_6GF,temperature_weighted,DuoWrapper,softmax_response,56.08,1.6,0.02853,ood_test
0.7671,0.7643545704795855,0.00033677751336063587,0.9892373973994334,0.05295965075492859,0.8232022496217486,0.08544911833065089,0.05592491643749696,0.6715,0.6319,0.5958,0.5511,0.4993,0.4311,0.3427,0.0603,0.0408,0.0207,tf_efficientnetv2_l.in21k_ft_in1k,RegNet_X_1_6GF,temperature_weighted,DuoWrapper,entropy,56.08,1.6,0.02853,ood_test
0.7674,0.7641391524643494,0.0003367411978907834,0.9962295014747923,0.05426250025629997,0.8453579450304106,0.0772659069562299,0.047821202839957055,0.7092,0.6794,0.6488,0.6072,0.5621,0.4989,0.409,0.2272,0.1182,0.0101,tf_efficientnetv2_l.in21k_ft_in1k,RegNet_X_32GF,logit_average,DuoWrapper,softmax_response,56.08,31.74,0.56598,ood_test
0.7674,0.7641391524643494,0.0003367411978907834,0.9962295014747923,0.05426250025629997,0.8331056547428969,0.08214290203712081,0.05269819792084797,0.6927,0.6659,0.6343,0.588,0.5368,0.4564,0.3456,0.1407,0.0306,0.0071,tf_efficientnetv2_l.in21k_ft_in1k,RegNet_X_32GF,logit_average,DuoWrapper,entropy,56.08,31.74,0.56598,ood_test
0.7616,0.7584006760011784,0.0003367411978907834,0.9962295014747923,0.05426250025629997,0.8437678448057075,0.0802039657368646,0.049201464852979514,0.7033,0.6749,0.6405,0.6016,0.5552,0.4886,0.3984,0.2256,0.0101,0.008,tf_efficientnetv2_l.in21k_ft_in1k,RegNet_X_32GF,dictatorial_avguncertainty,DuoWrapper,softmax_response,56.08,31.74,0.56598,ood_test
0.7616,0.7584006760011784,0.0003367411978907834,0.9962295014747923,0.05426250025629997,0.8331535726182251,0.08484343213895465,0.053840931255069564,0.6826,0.6583,0.6288,0.5818,0.5302,0.4475,0.3439,0.1105,0.0071,0.0062,tf_efficientnetv2_l.in21k_ft_in1k,RegNet_X_32GF,dictatorial_avguncertainty,DuoWrapper,entropy,56.08,31.74,0.56598,ood_test
0.7616,0.7584006760011784,0.0003352067358833231,0.9861254992361235,0.06681101024150848,0.8508705731663472,0.0776157393355946,0.04661323845170951,0.7102,0.6836,0.6482,0.6075,0.5559,0.5041,0.4086,0.2772,0.1206,0.0217,tf_efficientnetv2_l.in21k_ft_in1k,RegNet_X_32GF,dictatorial_weighteduncertainty,DuoWrapper,softmax_response,56.08,31.74,0.56598,ood_test
0.7616,0.7584006760011784,0.0003352067358833231,0.9861254992361235,0.06681101024150848,0.8405935898373612,0.0819066295492615,0.05090412866537642,0.6974,0.6719,0.6359,0.5939,0.5391,0.4565,0.3415,0.1345,0.0356,0.0155,tf_efficientnetv2_l.in21k_ft_in1k,RegNet_X_32GF,dictatorial_weighteduncertainty,DuoWrapper,entropy,56.08,31.74,0.56598,ood_test
0.7722,0.768749163265459,0.0003352067358833231,0.9861254992361235,0.06681101024150848,0.8428872935018678,0.0753828232326576,0.047194164664700576,0.7139,0.6872,0.6551,0.6105,0.5586,0.5051,0.4136,0.2776,0.1206,0.0217,tf_efficientnetv2_l.in21k_ft_in1k,RegNet_X_32GF,temperature_weighted,DuoWrapper,softmax_response,56.08,31.74,0.56598,ood_test
0.7722,0.768749163265459,0.0003352067358833231,0.9861254992361235,0.06681101024150848,0.8330054046691447,0.07947637245147271,0.05128771388351568,0.7029,0.6768,0.6402,0.5986,0.5402,0.4573,0.3427,0.1873,0.0356,0.0155,tf_efficientnetv2_l.in21k_ft_in1k,RegNet_X_32GF,temperature_weighted,DuoWrapper,entropy,56.08,31.74,0.56598,ood_test
0.7615,0.7588080812661093,0.0003455471266588974,1.0147409530127012,0.05569964647293091,0.843961534596701,0.08033431521135376,0.04930456938273178,0.6891,0.6557,0.6221,0.5882,0.5484,0.4949,0.4258,0.3136,0.0283,0.0122,tf_efficientnetv2_l.in21k_ft_in1k,RegNet_X_3_2GF,logit_average,DuoWrapper,softmax_response,56.08,3.18,0.0567,ood_test
0.7615,0.7588080812661093,0.0003455471266588974,1.0147409530127012,0.05569964647293091,0.8294988237658487,0.08563655967759576,0.054606813848973784,0.6687,0.6412,0.6055,0.5707,0.5093,0.4645,0.3877,0.1758,0.0118,0.0111,tf_efficientnetv2_l.in21k_ft_in1k,RegNet_X_3_2GF,logit_average,DuoWrapper,entropy,56.08,3.18,0.0567,ood_test
0.7616,0.7584006760011784,0.0003455471266588974,1.0147409530127012,0.05569964647293091,0.8394319700929869,0.08130741406217419,0.050304913178289105,0.6836,0.6517,0.6167,0.5882,0.5471,0.4941,0.4258,0.3136,0.0283,0.0122,tf_efficientnetv2_l.in21k_ft_in1k,RegNet_X_3_2GF,dictatorial_avguncertainty,DuoWrapper,softmax_response,56.08,3.18,0.0567,ood_test
0.7616,0.7584006760011784,0.0003455471266588974,1.0147409530127012,0.05569964647293091,0.8254138012167954,0.08655769521862916,0.055555194334744075,0.6601,0.637,0.6038,0.5702,0.5057,0.4604,0.3877,0.1758,0.0118,0.0111,tf_efficientnetv2_l.in21k_ft_in1k,RegNet_X_3_2GF,dictatorial_avguncertainty,DuoWrapper,entropy,56.08,3.18,0.0567,ood_test
0.7616,0.7584006760011784,0.00033694939222395835,0.9873554103333059,0.05614118278026581,0.84898634894394,0.07902882072413782,0.04802631984025273,0.6979,0.6704,0.6331,0.6004,0.5451,0.4914,0.4216,0.2747,0.0364,0.0138,tf_efficientnetv2_l.in21k_ft_in1k,RegNet_X_3_2GF,dictatorial_weighteduncertainty,DuoWrapper,softmax_response,56.08,3.18,0.0567,ood_test
0.7616,0.7584006760011784,0.00033694939222395835,0.9873554103333059,0.05614118278026581,0.8328806957976144,0.08478719715738406,0.05378469627349897,0.6773,0.6483,0.6127,0.5708,0.5241,0.4601,0.3316,0.0645,0.0183,0.0135,tf_efficientnetv2_l.in21k_ft_in1k,RegNet_X_3_2GF,dictatorial_weighteduncertainty,DuoWrapper,entropy,56.08,3.18,0.0567,ood_test
0.7688,0.766021598811735,0.00033694939222395835,0.9873554103333059,0.05614118278026581,0.8422463422076917,0.07782771210698713,0.04875244766573136,0.6986,0.6717,0.634,0.6004,0.5451,0.4914,0.4216,0.2747,0.0364,0.0138,tf_efficientnetv2_l.in21k_ft_in1k,RegNet_X_3_2GF,temperature_weighted,DuoWrapper,softmax_response,56.08,3.18,0.0567,ood_test
0.7688,0.766021598811735,0.00033694939222395835,0.9873554103333059,0.05614118278026581,0.8273799785492333,0.08321011198711428,0.05413484754585851,0.6815,0.6506,0.6142,0.5745,0.5241,0.4601,0.3316,0.0645,0.0183,0.0135,tf_efficientnetv2_l.in21k_ft_in1k,RegNet_X_3_2GF,temperature_weighted,DuoWrapper,entropy,56.08,3.18,0.0567,ood_test
0.7521,0.7494540198913489,0.0003575488530051829,1.0552769922976724,0.03342157602310181,0.834380073028276,0.08614366146670654,0.05249401637911451,0.6557,0.6102,0.5732,0.535,0.4978,0.4335,0.3739,0.3045,0.1173,0.0126,tf_efficientnetv2_l.in21k_ft_in1k,RegNet_X_400MF,logit_average,DuoWrapper,softmax_response,56.08,0.41,0.00731,ood_test
0.7521,0.7494540198913489,0.0003575488530051829,1.0552769922976724,0.03342157602310181,0.8122530546311125,0.09336984209985254,0.0597201970122605,0.6135,0.5785,0.5444,0.5091,0.4645,0.4043,0.3376,0.242,0.1017,0.0091,tf_efficientnetv2_l.in21k_ft_in1k,RegNet_X_400MF,logit_average,DuoWrapper,entropy,56.08,0.41,0.00731,ood_test
0.7616,0.7584006760011784,0.0003575488530051829,1.0552769922976724,0.03342157602310181,0.8203361003063138,0.08567682745715735,0.054674326573272265,0.6512,0.6029,0.5663,0.5293,0.494,0.4335,0.3739,0.3045,0.1173,0.0126,tf_efficientnetv2_l.in21k_ft_in1k,RegNet_X_400MF,dictatorial_avguncertainty,DuoWrapper,softmax_response,56.08,0.41,0.00731,ood_test
0.7616,0.7584006760011784,0.0003575488530051829,1.0552769922976724,0.03342157602310181,0.8004312935325135,0.09232482687772178,0.0613223259938367,0.6085,0.5713,0.5363,0.503,0.4641,0.4032,0.3376,0.242,0.1017,0.0091,tf_efficientnetv2_l.in21k_ft_in1k,RegNet_X_400MF,dictatorial_avguncertainty,DuoWrapper,entropy,56.08,0.41,0.00731,ood_test
0.7616,0.7584006760011784,0.0003428908540152796,1.0117298737720508,0.06992070376873016,0.8443617628993711,0.0809644751733118,0.04996197428942672,0.6967,0.6634,0.6238,0.5823,0.5347,0.4714,0.3486,0.1535,0.0477,0.0068,tf_efficientnetv2_l.in21k_ft_in1k,RegNet_X_400MF,dictatorial_weighteduncertainty,DuoWrapper,softmax_response,56.08,0.41,0.00731,ood_test
0.7616,0.7584006760011784,0.0003428908540152796,1.0117298737720508,0.06992070376873016,0.8288411054438554,0.08682199796658158,0.05581949708269649,0.6722,0.6412,0.5976,0.5554,0.4881,0.3843,0.2126,0.105,0.0451,0.0063,tf_efficientnetv2_l.in21k_ft_in1k,RegNet_X_400MF,dictatorial_weighteduncertainty,DuoWrapper,entropy,56.08,0.41,0.00731,ood_test
0.7653,0.7623273379204568,0.0003428908540152796,1.0117298737720508,0.06992070376873016,0.8396478630428674,0.08060773801698969,0.05060408402987733,0.6967,0.6634,0.6238,0.5823,0.5347,0.4714,0.3486,0.1535,0.0477,0.0068,tf_efficientnetv2_l.in21k_ft_in1k,RegNet_X_400MF,temperature_weighted,DuoWrapper,softmax_response,56.08,0.41,0.00731,ood_test
0.7653,0.7623273379204568,0.0003428908540152796,1.0117298737720508,0.06992070376873016,0.8250445631458817,0.08621764481813468,0.056213990831022326,0.6727,0.6412,0.5976,0.5554,0.4881,0.3843,0.2126,0.105,0.0451,0.0063,tf_efficientnetv2_l.in21k_ft_in1k,RegNet_X_400MF,temperature_weighted,DuoWrapper,entropy,56.08,0.41,0.00731,ood_test
0.7559,0.7531679325030839,0.0003547125252520084,1.046518758167791,0.04938637837767601,0.8360923293090395,0.08512277710438691,0.05254630509134899,0.6668,0.6321,0.5989,0.5647,0.5141,0.4711,0.3962,0.2736,0.0157,0.0103,tf_efficientnetv2_l.in21k_ft_in1k,RegNet_X_800MF,logit_average,DuoWrapper,softmax_response,56.08,0.8,0.01427,ood_test
0.7559,0.7531679325030839,0.0003547125252520084,1.046518758167791,0.04938637837767601,0.8205256705423547,0.09076736870317337,0.05819089669013545,0.6431,0.6134,0.5727,0.5345,0.4927,0.4229,0.3262,0.0472,0.0255,0.0108,tf_efficientnetv2_l.in21k_ft_in1k,RegNet_X_800MF,logit_average,DuoWrapper,entropy,56.08,0.8,0.01427,ood_test
0.7616,0.7584006760011784,0.0003547125252520084,1.046518758167791,0.04938637837767601,0.8251767241607213,0.08551820013146719,0.0545156992475821,0.6583,0.628,0.5931,0.5561,0.5112,0.4702,0.3959,0.2683,0.0157,0.0103,tf_efficientnetv2_l.in21k_ft_in1k,RegNet_X_800MF,dictatorial_avguncertainty,DuoWrapper,softmax_response,56.08,0.8,0.01427,ood_test
0.7616,0.7584006760011784,0.0003547125252520084,1.046518758167791,0.04938637837767601,0.8092719627700073,0.0912470702836549,0.06024456939976982,0.6363,0.6024,0.5664,0.5307,0.4873,0.4192,0.3258,0.0472,0.0255,0.0108,tf_efficientnetv2_l.in21k_ft_in1k,RegNet_X_800MF,dictatorial_avguncertainty,DuoWrapper,entropy,56.08,0.8,0.01427,ood_test
0.7616,0.7584006760011784,0.0003425995022377814,1.010915640050287,0.07378093153238297,0.8456688673791664,0.08072785854319357,0.04972535765930849,0.6982,0.6696,0.6282,0.5922,0.5387,0.4813,0.3518,0.1872,0.0453,0.0068,tf_efficientnetv2_l.in21k_ft_in1k,RegNet_X_800MF,dictatorial_weighteduncertainty,DuoWrapper,softmax_response,56.08,0.8,0.01427,ood_test
0.7616,0.7584006760011784,0.0003425995022377814,1.010915640050287,0.07378093153238297,0.8311124352740257,0.08634109262145702,0.055338591737571934,0.6797,0.6499,0.6058,0.5638,0.5146,0.4179,0.2103,0.0584,0.0365,0.0061,tf_efficientnetv2_l.in21k_ft_in1k,RegNet_X_800MF,dictatorial_weighteduncertainty,DuoWrapper,entropy,56.08,0.8,0.01427,ood_test
0.7658,0.7629232699686967,0.0003425995022377814,1.010915640050287,0.07378093153238297,0.8404633812834275,0.0802971770825607,0.05042712847782317,0.6982,0.6696,0.6282,0.5922,0.5387,0.4813,0.3518,0.1872,0.0453,0.0068,tf_efficientnetv2_l.in21k_ft_in1k,RegNet_X_800MF,temperature_weighted,DuoWrapper,softmax_response,56.08,0.8,0.01427,ood_test
0.7658,0.7629232699686967,0.0003425995022377814,1.010915640050287,0.07378093153238297,0.8269205871680435,0.08564758374082539,0.05577753513608785,0.6805,0.6506,0.6058,0.5638,0.5146,0.4179,0.2103,0.0584,0.0365,0.0061,tf_efficientnetv2_l.in21k_ft_in1k,RegNet_X_800MF,temperature_weighted,DuoWrapper,entropy,56.08,0.8,0.01427,ood_test
0.7626,0.7600584234495513,0.0003425182295741861,1.0158279586895012,0.05662001669406891,0.8453269542342949,0.08014956038668004,0.04941878707057746,0.6996,0.6696,0.6331,0.5872,0.5447,0.4791,0.4155,0.2775,0.0116,0.0045,tf_efficientnetv2_l.in21k_ft_in1k,RegNet_X_8GF,logit_average,DuoWrapper,softmax_response,56.08,8.0,0.14265,ood_test
0.7626,0.7600584234495513,0.0003425182295741861,1.0158279586895012,0.05662001669406891,0.8328301606860403,0.08490321414802901,0.054172440831926426,0.6782,0.6479,0.6131,0.5735,0.5217,0.455,0.361,0.1846,0.0084,0.0048,tf_efficientnetv2_l.in21k_ft_in1k,RegNet_X_8GF,logit_average,DuoWrapper,entropy,56.08,8.0,0.14265,ood_test
0.7616,0.7584006760011784,0.0003425182295741861,1.0158279586895012,0.05662001669406891,0.8402126252661299,0.0819039838810615,0.050901482997176416,0.6902,0.6627,0.6259,0.5833,0.5447,0.479,0.4155,0.2749,0.0116,0.0045,tf_efficientnetv2_l.in21k_ft_in1k,RegNet_X_8GF,dictatorial_avguncertainty,DuoWrapper,softmax_response,56.08,8.0,0.14265,ood_test
0.7616,0.7584006760011784,0.0003425182295741861,1.0158279586895012,0.05662001669406891,0.8286691288826773,0.08646882705936067,0.05546632617547558,0.6687,0.6424,0.6057,0.5715,0.5205,0.4512,0.3562,0.1846,0.0084,0.0048,tf_efficientnetv2_l.in21k_ft_in1k,RegNet_X_8GF,dictatorial_avguncertainty,DuoWrapper,entropy,56.08,8.0,0.14265,ood_test
0.7616,0.7584006760011784,0.00033623578325720296,0.9904893277389263,0.06139983981847763,0.8491691755876009,0.07906972887201108,0.048067227988125995,0.7085,0.676,0.6443,0.6011,0.5473,0.4952,0.3926,0.2724,0.0405,0.0038,tf_efficientnetv2_l.in21k_ft_in1k,RegNet_X_8GF,dictatorial_weighteduncertainty,DuoWrapper,softmax_response,56.08,8.0,0.14265,ood_test
0.7616,0.7584006760011784,0.00033623578325720296,0.9904893277389263,0.06139983981847763,0.8368230760215161,0.08380569170085232,0.05280319081696724,0.6878,0.658,0.6204,0.5806,0.5345,0.4678,0.3387,0.1812,0.016,0.0042,tf_efficientnetv2_l.in21k_ft_in1k,RegNet_X_8GF,dictatorial_weighteduncertainty,DuoWrapper,entropy,56.08,8.0,0.14265,ood_test
0.7706,0.7682594441085071,0.00033623578325720296,0.9904893277389263,0.06139983981847763,0.8412262289080101,0.07744112196164267,0.048837105937319956,0.7104,0.6772,0.6444,0.6022,0.5473,0.4983,0.3936,0.2724,0.0405,0.0038,tf_efficientnetv2_l.in21k_ft_in1k,RegNet_X_8GF,temperature_weighted,DuoWrapper,softmax_response,56.08,8.0,0.14265,ood_test
0.7706,0.7682594441085071,0.00033623578325720296,0.9904893277389263,0.06139983981847763,0.8291090899175927,0.08202308669202048,0.053419070667697764,0.6918,0.6615,0.623,0.5829,0.5359,0.4725,0.3428,0.1812,0.016,0.0042,tf_efficientnetv2_l.in21k_ft_in1k,RegNet_X_8GF,temperature_weighted,DuoWrapper,entropy,56.08,8.0,0.14265,ood_test
0.771,0.7682971105222689,0.00033634112034466065,0.9982246558779205,0.05974972993135452,0.8365200584507162,0.08103698486671854,0.05253711938296655,0.7132,0.6774,0.6413,0.5976,0.5541,0.4849,0.3628,0.0274,0.0031,0.0031,tf_efficientnetv2_l.in21k_ft_in1k,ResNeXt101_32X8D,logit_average,DuoWrapper,softmax_response,56.08,16.41,0.29262,ood_test
0.771,0.7682971105222689,0.00033634112034466065,0.9982246558779205,0.05974972993135452,0.8200874495211233,0.08756557082298123,0.059065705339229245,0.6922,0.6571,0.6183,0.5717,0.5085,0.4144,0.0776,0.0169,0.0029,0.0029,tf_efficientnetv2_l.in21k_ft_in1k,ResNeXt101_32X8D,logit_average,DuoWrapper,entropy,56.08,16.41,0.29262,ood_test
0.7616,0.7584006760011784,0.00033634112034466065,0.9982246558779205,0.05974972993135452,0.8399961743820851,0.08478922565183018,0.0537867247679451,0.7003,0.6696,0.633,0.5901,0.5472,0.475,0.3482,0.0004,0.0004,0.0004,tf_efficientnetv2_l.in21k_ft_in1k,ResNeXt101_32X8D,dictatorial_avguncertainty,DuoWrapper,softmax_response,56.08,16.41,0.29262,ood_test
0.7616,0.7584006760011784,0.00033634112034466065,0.9982246558779205,0.05974972993135452,0.8257500986971971,0.09110205460559218,0.06009955372170709,0.6811,0.6505,0.609,0.5635,0.4986,0.3737,0.0167,0.0004,0.0004,0.0004,tf_efficientnetv2_l.in21k_ft_in1k,ResNeXt101_32X8D,dictatorial_avguncertainty,DuoWrapper,entropy,56.08,16.41,0.29262,ood_test
0.7616,0.7584006760011784,0.0003319221623731008,0.9803888686195878,0.061369676142930984,0.8486607913928995,0.08123901966064252,0.05023651877675744,0.7101,0.6817,0.6466,0.6054,0.5593,0.4821,0.3551,0.0871,0.0044,0.0044,tf_efficientnetv2_l.in21k_ft_in1k,ResNeXt101_32X8D,dictatorial_weighteduncertainty,DuoWrapper,softmax_response,56.08,16.41,0.29262,ood_test
0.7616,0.7584006760011784,0.0003319221623731008,0.9803888686195878,0.061369676142930984,0.8337353187919463,0.08734976929675538,0.05634726841287029,0.6945,0.6649,0.6229,0.5848,0.5142,0.381,0.1954,0.0337,0.0042,0.0042,tf_efficientnetv2_l.in21k_ft_in1k,ResNeXt101_32X8D,dictatorial_weighteduncertainty,DuoWrapper,entropy,56.08,16.41,0.29262,ood_test
0.7751,0.7724502300924729,0.0003319221623731008,0.9803888686195878,0.061369676142930984,0.8366961815452147,0.07842558474935228,0.05098131641450544,0.7124,0.6852,0.6498,0.6069,0.5636,0.4869,0.3557,0.0954,0.0044,0.0044,tf_efficientnetv2_l.in21k_ft_in1k,ResNeXt101_32X8D,temperature_weighted,DuoWrapper,softmax_response,56.08,16.41,0.29262,ood_test
0.7751,0.7724502300924729,0.0003319221623731008,0.9803888686195878,0.061369676142930984,0.8220610269654101,0.08421413752796494,0.056769869193118105,0.7028,0.6702,0.6301,0.5869,0.5185,0.3945,0.2003,0.0407,0.0042,0.0042,tf_efficientnetv2_l.in21k_ft_in1k,ResNeXt101_32X8D,temperature_weighted,DuoWrapper,entropy,56.08,16.41,0.29262,ood_test
0.7703,0.767468192170983,0.0003357029808546457,0.9852980108458654,0.05692537873983383,0.8393383306042216,0.07949348769260507,0.050811222511282,0.7113,0.6801,0.6363,0.6122,0.5508,0.4729,0.3613,0.1843,0.0026,0.0026,tf_efficientnetv2_l.in21k_ft_in1k,ResNeXt101_64X4D,logit_average,DuoWrapper,softmax_response,56.08,15.46,0.27568,ood_test
0.7703,0.767468192170983,0.0003357029808546457,0.9852980108458654,0.05692537873983383,0.8216937794732626,0.08646547863015441,0.05778321344883134,0.6876,0.6546,0.6197,0.574,0.5142,0.3803,0.204,0.0379,0.0151,0.0027,tf_efficientnetv2_l.in21k_ft_in1k,ResNeXt101_64X4D,logit_average,DuoWrapper,entropy,56.08,15.46,0.27568,ood_test
0.7616,0.7584006760011784,0.0003357029808546457,0.9852980108458654,0.05692537873983383,0.8427966247321075,0.08328486410048731,0.05228236321660223,0.7051,0.6691,0.6331,0.6072,0.5476,0.4633,0.3562,0.0685,0.0,0.0,tf_efficientnetv2_l.in21k_ft_in1k,ResNeXt101_64X4D,dictatorial_avguncertainty,DuoWrapper,softmax_response,56.08,15.46,0.27568,ood_test
0.7616,0.7584006760011784,0.0003357029808546457,0.9852980108458654,0.05692537873983383,0.8273021011047037,0.0900097229596559,0.05900722207577081,0.6775,0.6479,0.6167,0.5693,0.5118,0.3747,0.2007,0.0,0.0,0.0,tf_efficientnetv2_l.in21k_ft_in1k,ResNeXt101_64X4D,dictatorial_avguncertainty,DuoWrapper,entropy,56.08,15.46,0.27568,ood_test
0.7616,0.7584006760011784,0.0003317704296480371,0.9723055798293317,0.06050032004714012,0.850373424590054,0.08042236672298685,0.04941986583910176,0.7126,0.6791,0.6485,0.6079,0.5529,0.485,0.3689,0.1377,0.0028,0.0028,tf_efficientnetv2_l.in21k_ft_in1k,ResNeXt101_64X4D,dictatorial_weighteduncertainty,DuoWrapper,softmax_response,56.08,15.46,0.27568,ood_test
0.7616,0.7584006760011784,0.0003317704296480371,0.9723055798293317,0.06050032004714012,0.8341920136343128,0.08697187090082728,0.055969370016942195,0.6923,0.6668,0.6326,0.5787,0.5138,0.3749,0.2255,0.0204,0.0024,0.0024,tf_efficientnetv2_l.in21k_ft_in1k,ResNeXt101_64X4D,dictatorial_weighteduncertainty,DuoWrapper,entropy,56.08,15.46,0.27568,ood_test
0.7749,0.7723233245047666,0.0003317704296480371,0.9723055798293317,0.06050032004714012,0.8374114164657122,0.07779992131573797,0.05030466453085456,0.7162,0.6836,0.6494,0.609,0.5586,0.4883,0.3902,0.1385,0.0111,0.0028,tf_efficientnetv2_l.in21k_ft_in1k,ResNeXt101_64X4D,temperature_weighted,DuoWrapper,softmax_response,56.08,15.46,0.27568,ood_test
0.7749,0.7723233245047666,0.0003317704296480371,0.9723055798293317,0.06050032004714012,0.8210311770355545,0.08410765429559046,0.05661239751070705,0.6971,0.6703,0.6359,0.5824,0.5152,0.3844,0.2289,0.0305,0.0112,0.0029,tf_efficientnetv2_l.in21k_ft_in1k,ResNeXt101_64X4D,temperature_weighted,DuoWrapper,entropy,56.08,15.46,0.27568,ood_test
0.7602,0.7578211165166544,0.00034636923328258034,1.0299815562126136,0.05415761470794678,0.8422304586453808,0.08296323524477985,0.05157810949647939,0.6888,0.6581,0.6289,0.5891,0.5437,0.4982,0.3726,0.0788,0.0172,0.0125,tf_efficientnetv2_l.in21k_ft_in1k,ResNeXt50_32X4D,logit_average,DuoWrapper,softmax_response,56.08,4.23,0.07543,ood_test
0.7602,0.7578211165166544,0.00034636923328258034,1.0299815562126136,0.05415761470794678,0.8282326991777547,0.08850957458035032,0.05712444883204986,0.6726,0.6468,0.6113,0.5591,0.5127,0.4606,0.2659,0.0179,0.0069,0.0025,tf_efficientnetv2_l.in21k_ft_in1k,ResNeXt50_32X4D,logit_average,DuoWrapper,entropy,56.08,4.23,0.07543,ood_test
0.7616,0.7584006760011784,0.00034636923328258034,1.0299815562126136,0.05415761470794678,0.8349739631066352,0.08407572038362697,0.053073219499741885,0.6822,0.6536,0.6267,0.5838,0.5434,0.4924,0.3726,0.0788,0.0172,0.0125,tf_efficientnetv2_l.in21k_ft_in1k,ResNeXt50_32X4D,dictatorial_avguncertainty,DuoWrapper,softmax_response,56.08,4.23,0.07543,ood_test
0.7616,0.7584006760011784,0.00034636923328258034,1.0299815562126136,0.05415761470794678,0.8217018337851081,0.08947931159613966,0.05847681071225457,0.6687,0.6426,0.6071,0.5582,0.5127,0.4604,0.2659,0.0179,0.0069,0.0025,tf_efficientnetv2_l.in21k_ft_in1k,ResNeXt50_32X4D,dictatorial_avguncertainty,DuoWrapper,entropy,56.08,4.23,0.07543,ood_test
0.7616,0.7584006760011784,0.00033826130706034885,0.9990036068159305,0.05981013923883438,0.8462740761677994,0.08056625959146832,0.049563758707583234,0.6973,0.666,0.6331,0.5987,0.5455,0.4985,0.3804,0.0973,0.0277,0.0122,tf_efficientnetv2_l.in21k_ft_in1k,ResNeXt50_32X4D,dictatorial_weighteduncertainty,DuoWrapper,softmax_response,56.08,4.23,0.07543,ood_test
0.7616,0.7584006760011784,0.00033826130706034885,0.9990036068159305,0.05981013923883438,0.8319507831446338,0.08605390754480273,0.055051406660917644,0.6806,0.6541,0.621,0.5778,0.5263,0.4271,0.288,0.0312,0.021,0.0138,tf_efficientnetv2_l.in21k_ft_in1k,ResNeXt50_32X4D,dictatorial_weighteduncertainty,DuoWrapper,entropy,56.08,4.23,0.07543,ood_test
0.7686,0.7661611215006783,0.00033826130706034885,0.9990036068159305,0.05981013923883438,0.840283836116402,0.0792711835193071,0.050143298177410534,0.7008,0.6682,0.6346,0.5989,0.5455,0.4985,0.3804,0.0973,0.0277,0.0122,tf_efficientnetv2_l.in21k_ft_in1k,ResNeXt50_32X4D,temperature_weighted,DuoWrapper,softmax_response,56.08,4.23,0.07543,ood_test
0.7686,0.7661611215006783,0.00033826130706034885,0.9990036068159305,0.05981013923883438,0.8266148466461599,0.08453353117189234,0.05540564582999577,0.6824,0.6567,0.6219,0.5786,0.5271,0.4271,0.288,0.0312,0.021,0.0138,tf_efficientnetv2_l.in21k_ft_in1k,ResNeXt50_32X4D,temperature_weighted,DuoWrapper,entropy,56.08,4.23,0.07543,ood_test
0.7659,0.763660024330293,0.00034229837076822276,1.0143004137038607,0.05428373068571091,0.8405695315135726,0.07972533113315423,0.04988196442334948,0.6938,0.6615,0.6316,0.5943,0.5487,0.4928,0.4202,0.2336,0.0321,0.0211,tf_efficientnetv2_l.in21k_ft_in1k,ResNet101,logit_average,DuoWrapper,softmax_response,56.08,7.8,0.13909,ood_test
0.7659,0.763660024330293,0.00034229837076822276,1.0143004137038607,0.05428373068571091,0.8274523990030185,0.084988884316168,0.05514551760636324,0.6812,0.6524,0.6163,0.5716,0.5227,0.4523,0.3553,0.0338,0.0254,0.0205,tf_efficientnetv2_l.in21k_ft_in1k,ResNet101,logit_average,DuoWrapper,entropy,56.08,7.8,0.13909,ood_test
0.7616,0.7584006760011784,0.00034229837076822276,1.0143004137038607,0.05428373068571091,0.8388959650030314,0.08172081827677073,0.050718317392885646,0.6913,0.6596,0.6302,0.594,0.543,0.4925,0.4193,0.2336,0.0321,0.0211,tf_efficientnetv2_l.in21k_ft_in1k,ResNet101,dictatorial_avguncertainty,DuoWrapper,softmax_response,56.08,7.8,0.13909,ood_test
0.7616,0.7584006760011784,0.00034229837076822276,1.0143004137038607,0.05428373068571091,0.8267209332348711,0.08689489078234364,0.05589238989845855,0.6735,0.6468,0.6126,0.5633,0.5094,0.4516,0.3533,0.0338,0.0254,0.0205,tf_efficientnetv2_l.in21k_ft_in1k,ResNet101,dictatorial_avguncertainty,DuoWrapper,entropy,56.08,7.8,0.13909,ood_test
0.7616,0.7584006760011784,0.00033626795411777433,0.9910559682508816,0.06128717213869095,0.8480559406019119,0.07959551962946379,0.048593018745578705,0.7054,0.6759,0.6406,0.5947,0.5508,0.5007,0.4184,0.2303,0.0412,0.0041,tf_efficientnetv2_l.in21k_ft_in1k,ResNet101,dictatorial_weighteduncertainty,DuoWrapper,softmax_response,56.08,7.8,0.13909,ood_test
0.7616,0.7584006760011784,0.00033626795411777433,0.9910559682508816,0.06128717213869095,0.8342941806546444,0.08499450800124815,0.053992007117363065,0.6884,0.6518,0.6128,0.5732,0.5234,0.4434,0.2705,0.0503,0.0214,0.0042,tf_efficientnetv2_l.in21k_ft_in1k,ResNet101,dictatorial_weighteduncertainty,DuoWrapper,entropy,56.08,7.8,0.13909,ood_test
0.7723,0.7701378471443893,0.00033626795411777433,0.9910559682508816,0.06128717213869095,0.837687517013528,0.0778797951704475,0.04971698629705562,0.7072,0.6761,0.6417,0.5966,0.5509,0.5007,0.4184,0.2303,0.0412,0.0041,tf_efficientnetv2_l.in21k_ft_in1k,ResNet101,temperature_weighted,DuoWrapper,softmax_response,56.08,7.8,0.13909,ood_test
0.7723,0.7701378471443893,0.00033626795411777433,0.9910559682508816,0.06128717213869095,0.8245947418154658,0.08299796491686263,0.05483515604347075,0.6922,0.6553,0.6157,0.5751,0.5235,0.4434,0.2705,0.0503,0.0214,0.0042,tf_efficientnetv2_l.in21k_ft_in1k,ResNet101,temperature_weighted,DuoWrapper,entropy,56.08,7.8,0.13909,ood_test
0.7658,0.7631786478333753,0.0003391512441939646,1.0044384598372877,0.058051448315382004,0.8452330957127714,0.07903738328338464,0.049167334678647104,0.7054,0.6734,0.6352,0.5949,0.557,0.5021,0.4055,0.2751,0.0114,0.0034,tf_efficientnetv2_l.in21k_ft_in1k,ResNet152,logit_average,DuoWrapper,softmax_response,56.08,11.51,0.20524,ood_test
0.7658,0.7631786478333753,0.0003391512441939646,1.0044384598372877,0.058051448315382004,0.8317810457698552,0.08454076961855106,0.054670721013813525,0.6854,0.6548,0.622,0.5839,0.5376,0.4434,0.3236,0.015,0.0066,0.0032,tf_efficientnetv2_l.in21k_ft_in1k,ResNet152,logit_average,DuoWrapper,entropy,56.08,11.51,0.20524,ood_test
0.7616,0.7584006760011784,0.0003391512441939646,1.0044384598372877,0.058051448315382004,0.8438482015079523,0.0810230833352902,0.05002058245140511,0.7002,0.6638,0.6306,0.5933,0.5534,0.4988,0.3994,0.2415,0.0114,0.0034,tf_efficientnetv2_l.in21k_ft_in1k,ResNet152,dictatorial_avguncertainty,DuoWrapper,softmax_response,56.08,11.51,0.20524,ood_test
0.7616,0.7584006760011784,0.0003391512441939646,1.0044384598372877,0.058051448315382004,0.8305597144478597,0.08657445393402806,0.05557195305014297,0.6812,0.6468,0.6168,0.5794,0.5331,0.4428,0.3153,0.015,0.0066,0.0032,tf_efficientnetv2_l.in21k_ft_in1k,ResNet152,dictatorial_avguncertainty,DuoWrapper,entropy,56.08,11.51,0.20524,ood_test
0.7616,0.7584006760011784,0.0003341189889271147,0.9844167296591968,0.0648362785577774,0.8517539736637105,0.07872135539816134,0.04771885451427626,0.7107,0.6775,0.6483,0.6047,0.5626,0.4907,0.3957,0.2646,0.0112,0.0038,tf_efficientnetv2_l.in21k_ft_in1k,ResNet152,dictatorial_weighteduncertainty,DuoWrapper,softmax_response,56.08,11.51,0.20524,ood_test
0.7616,0.7584006760011784,0.0003341189889271147,0.9844167296591968,0.0648362785577774,0.8369866534071683,0.08440516097109317,0.053402660087208086,0.6911,0.6626,0.6267,0.5832,0.5258,0.4361,0.3088,0.1641,0.0103,0.0037,tf_efficientnetv2_l.in21k_ft_in1k,ResNet152,dictatorial_weighteduncertainty,DuoWrapper,entropy,56.08,11.51,0.20524,ood_test
0.7699,0.7674633445196344,0.0003341189889271147,0.9844167296591968,0.0648362785577774,0.8444585696319908,0.07723326115850161,0.04844648201260267,0.7145,0.6784,0.6495,0.6058,0.5627,0.4907,0.3957,0.2646,0.0112,0.0038,tf_efficientnetv2_l.in21k_ft_in1k,ResNet152,temperature_weighted,DuoWrapper,softmax_response,56.08,11.51,0.20524,ood_test
0.7699,0.7674633445196344,0.0003341189889271147,0.9844167296591968,0.0648362785577774,0.8291843723079565,0.0829295211732942,0.05414274202739526,0.6944,0.6658,0.6281,0.586,0.5274,0.4361,0.3088,0.1641,0.0103,0.0037,tf_efficientnetv2_l.in21k_ft_in1k,ResNet152,temperature_weighted,DuoWrapper,entropy,56.08,11.51,0.20524,ood_test
0.7654,0.7626734712098738,0.00034106237667474987,1.0050329494925574,0.047163307666778564,0.8400107171394704,0.07981580609475693,0.049838899310834545,0.6961,0.6679,0.6333,0.5926,0.5432,0.4884,0.3968,0.2645,0.0466,0.0109,tf_efficientnetv2_l.in21k_ft_in1k,ResNet50,logit_average,DuoWrapper,softmax_response,56.08,4.09,0.07293,ood_test
0.7654,0.7626734712098738,0.00034106237667474987,1.0050329494925574,0.047163307666778564,0.824390948594932,0.0855472384109837,0.05557033162706132,0.6776,0.6414,0.6081,0.5672,0.5103,0.4446,0.3096,0.0574,0.021,0.0115,tf_efficientnetv2_l.in21k_ft_in1k,ResNet50,logit_average,DuoWrapper,entropy,56.08,4.09,0.07293,ood_test
0.7616,0.7584006760011784,0.00034106237667474987,1.0050329494925574,0.047163307666778564,0.8405237527582342,0.08117922101496473,0.05017672013107965,0.6915,0.6661,0.6303,0.5917,0.5424,0.4883,0.3968,0.2645,0.0466,0.0109,tf_efficientnetv2_l.in21k_ft_in1k,ResNet50,dictatorial_avguncertainty,DuoWrapper,softmax_response,56.08,4.09,0.07293,ood_test
0.7616,0.7584006760011784,0.00034106237667474987,1.0050329494925574,0.047163307666778564,0.8252187751149117,0.08690720445820233,0.05590470357431724,0.6709,0.6393,0.6056,0.5632,0.5097,0.4391,0.3096,0.0574,0.021,0.0115,tf_efficientnetv2_l.in21k_ft_in1k,ResNet50,dictatorial_avguncertainty,DuoWrapper,entropy,56.08,4.09,0.07293,ood_test
0.7616,0.7584006760011784,0.0003354414634144043,0.9842345503379251,0.05549810826778412,0.849531854740638,0.078863328773062,0.047860827889176914,0.7022,0.6725,0.6429,0.5944,0.5523,0.495,0.4044,0.2672,0.0378,0.0146,tf_efficientnetv2_l.in21k_ft_in1k,ResNet50,dictatorial_weighteduncertainty,DuoWrapper,softmax_response,56.08,4.09,0.07293,ood_test
0.7616,0.7584006760011784,0.0003354414634144043,0.9842345503379251,0.05549810826778412,0.8337025482382551,0.08463657883377705,0.053634077949891966,0.6861,0.6538,0.6184,0.5776,0.5163,0.4469,0.3143,0.161,0.0364,0.0152,tf_efficientnetv2_l.in21k_ft_in1k,ResNet50,dictatorial_weighteduncertainty,DuoWrapper,entropy,56.08,4.09,0.07293,ood_test
0.7698,0.7675179587353612,0.0003354414634144043,0.9842345503379251,0.05549810826778412,0.8412241470417018,0.07763065484483693,0.048817714740260996,0.7055,0.6729,0.6446,0.5955,0.5523,0.495,0.4044,0.2672,0.0378,0.0146,tf_efficientnetv2_l.in21k_ft_in1k,ResNet50,temperature_weighted,DuoWrapper,softmax_response,56.08,4.09,0.07293,ood_test
0.7698,0.7675179587353612,0.0003354414634144043,0.9842345503379251,0.05549810826778412,0.8263570101478511,0.08309189940663311,0.05427895930205718,0.6881,0.6551,0.6207,0.5811,0.5163,0.4469,0.3143,0.161,0.0364,0.0152,tf_efficientnetv2_l.in21k_ft_in1k,ResNet50,temperature_weighted,DuoWrapper,entropy,56.08,4.09,0.07293,ood_test
0.7384,0.7351167124714905,0.0003843422894678907,1.1669679488038083,0.049400150775909424,0.8151330538216359,0.09946330824930201,0.06178449829645139,0.5844,0.5458,0.508,0.4592,0.3963,0.3414,0.2842,0.2084,0.0503,0.0232,tf_efficientnetv2_l.in21k_ft_in1k,ShuffleNet_V2_X0_5,logit_average,DuoWrapper,softmax_response,56.08,0.04,0.00071,ood_test
0.7384,0.7351167124714905,0.0003843422894678907,1.1669679488038083,0.049400150775909424,0.7747384314709712,0.11244741658190421,0.0747686066290536,0.4959,0.4606,0.4251,0.3922,0.3477,0.2963,0.2428,0.1675,0.0518,0.0214,tf_efficientnetv2_l.in21k_ft_in1k,ShuffleNet_V2_X0_5,logit_average,DuoWrapper,entropy,56.08,0.04,0.00071,ood_test
0.7616,0.7584006760011784,0.0003843422894678907,1.1669679488038083,0.049400150775909424,0.7886352160411144,0.09600940580153049,0.06500690491764541,0.5782,0.5452,0.5071,0.4562,0.3939,0.3425,0.2842,0.2084,0.0503,0.0232,tf_efficientnetv2_l.in21k_ft_in1k,ShuffleNet_V2_X0_5,dictatorial_avguncertainty,DuoWrapper,softmax_response,56.08,0.04,0.00071,ood_test
0.7616,0.7584006760011784,0.0003843422894678907,1.1669679488038083,0.049400150775909424,0.7522735604308838,0.10726370409239316,0.07626120320850807,0.5122,0.4645,0.4242,0.3888,0.3503,0.2929,0.2415,0.1675,0.0518,0.0214,tf_efficientnetv2_l.in21k_ft_in1k,ShuffleNet_V2_X0_5,dictatorial_avguncertainty,DuoWrapper,entropy,56.08,0.04,0.00071,ood_test
0.7616,0.7584006760011784,0.0003444059538416147,1.0135939774494875,0.06626954674720764,0.8417479670139869,0.08107023795804884,0.05006773707416375,0.6912,0.656,0.6204,0.5686,0.5235,0.4425,0.3738,0.246,0.0617,0.0117,tf_efficientnetv2_l.in21k_ft_in1k,ShuffleNet_V2_X0_5,dictatorial_weighteduncertainty,DuoWrapper,softmax_response,56.08,0.04,0.00071,ood_test
0.7616,0.7584006760011784,0.0003444059538416147,1.0135939774494875,0.06626954674720764,0.8251132484243697,0.0867860114751558,0.055783510591270714,0.6672,0.6293,0.5878,0.5395,0.4701,0.3985,0.2801,0.1667,0.0579,0.0105,tf_efficientnetv2_l.in21k_ft_in1k,ShuffleNet_V2_X0_5,dictatorial_weighteduncertainty,DuoWrapper,entropy,56.08,0.04,0.00071,ood_test
0.7633,0.7602350095260452,0.0003444059538416147,1.0135939774494875,0.06626954674720764,0.8392471353374058,0.08097037417304351,0.05042902982635876,0.6912,0.656,0.6204,0.5686,0.5235,0.4425,0.3738,0.246,0.0617,0.0117,tf_efficientnetv2_l.in21k_ft_in1k,ShuffleNet_V2_X0_5,temperature_weighted,DuoWrapper,softmax_response,56.08,0.04,0.00071,ood_test
0.7633,0.7602350095260452,0.0003444059538416147,1.0135939774494875,0.06626954674720764,0.8227518195707153,0.08664110748838393,0.05609976314169918,0.6672,0.6297,0.5878,0.5395,0.4701,0.3985,0.2801,0.1667,0.0579,0.0105,tf_efficientnetv2_l.in21k_ft_in1k,ShuffleNet_V2_X0_5,temperature_weighted,DuoWrapper,entropy,56.08,0.04,0.00071,ood_test
0.7455,0.7425015210832382,0.00036831240430667997,1.1046149330238622,0.03784800320863724,0.8284689933971873,0.09013598968221868,0.05457672311029661,0.6286,0.5871,0.5502,0.5104,0.4524,0.3911,0.3339,0.2768,0.2014,0.0359,tf_efficientnetv2_l.in21k_ft_in1k,ShuffleNet_V2_X1_0,logit_average,DuoWrapper,softmax_response,56.08,0.14,0.0025,ood_test
0.7455,0.7425015210832382,0.00036831240430667997,1.1046149330238622,0.03784800320863724,0.7970892545844813,0.09977577896638612,0.06421651239446405,0.5576,0.5216,0.4931,0.4562,0.4074,0.3465,0.3088,0.248,0.1661,0.0311,tf_efficientnetv2_l.in21k_ft_in1k,ShuffleNet_V2_X1_0,logit_average,DuoWrapper,entropy,56.08,0.14,0.0025,ood_test
0.7616,0.7584006760011784,0.00036831240430667997,1.1046149330238622,0.03784800320863724,0.807200615932195,0.0886294974234346,0.05762699653954951,0.6223,0.5854,0.5494,0.5031,0.4446,0.3893,0.3339,0.2768,0.2014,0.0359,tf_efficientnetv2_l.in21k_ft_in1k,ShuffleNet_V2_X1_0,dictatorial_avguncertainty,DuoWrapper,softmax_response,56.08,0.14,0.0025,ood_test
0.7616,0.7584006760011784,0.00036831240430667997,1.1046149330238622,0.03784800320863724,0.780149900774068,0.09682704622885523,0.06582454534497015,0.5664,0.5289,0.4939,0.4492,0.3989,0.3438,0.3062,0.248,0.1661,0.0311,tf_efficientnetv2_l.in21k_ft_in1k,ShuffleNet_V2_X1_0,dictatorial_avguncertainty,DuoWrapper,entropy,56.08,0.14,0.0025,ood_test
0.7616,0.7584006760011784,0.0003430857964133288,1.0106472357118095,0.06753215193748474,0.8452022587558513,0.07921084307520139,0.048208342191316304,0.6923,0.6592,0.6236,0.5789,0.5307,0.4703,0.3874,0.2759,0.1201,0.0117,tf_efficientnetv2_l.in21k_ft_in1k,ShuffleNet_V2_X1_0,dictatorial_weighteduncertainty,DuoWrapper,softmax_response,56.08,0.14,0.0025,ood_test
0.7616,0.7584006760011784,0.0003430857964133288,1.0106472357118095,0.06753215193748474,0.8297624261533473,0.0845008056276455,0.05349830474376042,0.6746,0.6352,0.5946,0.5586,0.5002,0.4031,0.3131,0.1871,0.0948,0.0122,tf_efficientnetv2_l.in21k_ft_in1k,ShuffleNet_V2_X1_0,dictatorial_weighteduncertainty,DuoWrapper,entropy,56.08,0.14,0.0025,ood_test
0.7643,0.761279718397885,0.0003430857964133288,1.0106472357118095,0.06753215193748474,0.8417619734180443,0.07895409126849513,0.04868224629516092,0.6923,0.6592,0.6236,0.5789,0.5307,0.4703,0.3874,0.2759,0.1201,0.0117,tf_efficientnetv2_l.in21k_ft_in1k,ShuffleNet_V2_X1_0,temperature_weighted,DuoWrapper,softmax_response,56.08,0.14,0.0025,ood_test
0.7643,0.761279718397885,0.0003430857964133288,1.0106472357118095,0.06753215193748474,0.8266329813049463,0.08415438600188481,0.0538825410285506,0.6737,0.6358,0.5946,0.5586,0.5002,0.4031,0.3131,0.1871,0.0948,0.0122,tf_efficientnetv2_l.in21k_ft_in1k,ShuffleNet_V2_X1_0,temperature_weighted,DuoWrapper,entropy,56.08,0.14,0.0025,ood_test
0.7512,0.7489738078966448,0.0003600063031151359,1.064783084319498,0.031869128346443176,0.8317263653609744,0.08708546999005493,0.05317884381075972,0.6405,0.6051,0.5604,0.519,0.4825,0.4218,0.3402,0.2843,0.2117,0.0307,tf_efficientnetv2_l.in21k_ft_in1k,ShuffleNet_V2_X1_5,logit_average,DuoWrapper,softmax_response,56.08,0.3,0.00535,ood_test
0.7512,0.7489738078966448,0.0003600063031151359,1.064783084319498,0.031869128346443176,0.8058202267583014,0.09502594091253203,0.06111931473323682,0.5893,0.5613,0.5203,0.4824,0.4352,0.3774,0.3183,0.2501,0.1552,0.0067,tf_efficientnetv2_l.in21k_ft_in1k,ShuffleNet_V2_X1_5,logit_average,DuoWrapper,entropy,56.08,0.3,0.00535,ood_test
0.7616,0.7584006760011784,0.0003600063031151359,1.064783084319498,0.031869128346443176,0.8160092030730077,0.08670665516388379,0.055704154279998704,0.6311,0.5967,0.5527,0.5146,0.4721,0.4212,0.3336,0.2843,0.2117,0.0307,tf_efficientnetv2_l.in21k_ft_in1k,ShuffleNet_V2_X1_5,dictatorial_avguncertainty,DuoWrapper,softmax_response,56.08,0.3,0.00535,ood_test
0.7616,0.7584006760011784,0.0003600063031151359,1.064783084319498,0.031869128346443176,0.7920941342140883,0.09408887355675642,0.06308637267287134,0.5834,0.5537,0.5088,0.4747,0.4242,0.3763,0.3087,0.2484,0.1552,0.0067,tf_efficientnetv2_l.in21k_ft_in1k,ShuffleNet_V2_X1_5,dictatorial_avguncertainty,DuoWrapper,entropy,56.08,0.3,0.00535,ood_test
0.7616,0.7584006760011784,0.000342889350327678,1.0102751777730394,0.06890381872653961,0.845419425635187,0.07975751895010151,0.048755018066216425,0.6935,0.6634,0.6219,0.5809,0.5305,0.4761,0.3708,0.2437,0.0779,0.0088,tf_efficientnetv2_l.in21k_ft_in1k,ShuffleNet_V2_X1_5,dictatorial_weighteduncertainty,DuoWrapper,softmax_response,56.08,0.3,0.00535,ood_test
0.7616,0.7584006760011784,0.000342889350327678,1.0102751777730394,0.06890381872653961,0.8305751083466105,0.08508846573236432,0.05408596484847924,0.6729,0.6408,0.5995,0.5562,0.5019,0.4163,0.3132,0.1425,0.073,0.0074,tf_efficientnetv2_l.in21k_ft_in1k,ShuffleNet_V2_X1_5,dictatorial_weighteduncertainty,DuoWrapper,entropy,56.08,0.3,0.00535,ood_test
0.7661,0.7632012639964416,0.000342889350327678,1.0102751777730394,0.06890381872653961,0.8397884176971373,0.07930631538261688,0.04951627329477783,0.6935,0.6634,0.6219,0.5809,0.5305,0.4761,0.3708,0.2437,0.0779,0.0088,tf_efficientnetv2_l.in21k_ft_in1k,ShuffleNet_V2_X1_5,temperature_weighted,DuoWrapper,softmax_response,56.08,0.3,0.00535,ood_test
0.7661,0.7632012639964416,0.000342889350327678,1.0102751777730394,0.06890381872653961,0.8261898672359221,0.0843183965905613,0.05452835450272224,0.6741,0.6408,0.5995,0.5562,0.5019,0.4163,0.3132,0.1425,0.073,0.0074,tf_efficientnetv2_l.in21k_ft_in1k,ShuffleNet_V2_X1_5,temperature_weighted,DuoWrapper,entropy,56.08,0.3,0.00535,ood_test
0.7565,0.7538356553374629,0.0003536811021916948,1.0456427395746795,0.03499298542737961,0.8336429113324493,0.0841728493883527,0.051764077022194314,0.6616,0.6201,0.5722,0.5282,0.4804,0.4345,0.3838,0.3106,0.1893,0.0043,tf_efficientnetv2_l.in21k_ft_in1k,ShuffleNet_V2_X2_0,logit_average,DuoWrapper,softmax_response,56.08,0.58,0.01034,ood_test
0.7565,0.7538356553374629,0.0003536811021916948,1.0456427395746795,0.03499298542737961,0.8100752004190921,0.09164660393927226,0.059237831573113874,0.6073,0.5718,0.5366,0.4933,0.4323,0.3895,0.3312,0.2437,0.1412,0.0042,tf_efficientnetv2_l.in21k_ft_in1k,ShuffleNet_V2_X2_0,logit_average,DuoWrapper,entropy,56.08,0.58,0.01034,ood_test
0.7616,0.7584006760011784,0.0003536811021916948,1.0456427395746795,0.03499298542737961,0.8232040469816282,0.08463970497166537,0.053637204087780284,0.6542,0.6112,0.5666,0.5282,0.4784,0.4323,0.3826,0.3106,0.1893,0.0043,tf_efficientnetv2_l.in21k_ft_in1k,ShuffleNet_V2_X2_0,dictatorial_avguncertainty,DuoWrapper,softmax_response,56.08,0.58,0.01034,ood_test
0.7616,0.7584006760011784,0.0003536811021916948,1.0456427395746795,0.03499298542737961,0.8004515617068975,0.0919372476081815,0.06093474672429642,0.6036,0.5597,0.5339,0.4859,0.432,0.3892,0.3312,0.242,0.1412,0.0042,tf_efficientnetv2_l.in21k_ft_in1k,ShuffleNet_V2_X2_0,dictatorial_avguncertainty,DuoWrapper,entropy,56.08,0.58,0.01034,ood_test
0.7616,0.7584006760011784,0.00034252705118772053,1.0100877635350547,0.07023318111896515,0.8458949566613558,0.07979158956211045,0.048789088678225366,0.6924,0.6634,0.6281,0.5887,0.5329,0.4635,0.374,0.2115,0.0766,0.0126,tf_efficientnetv2_l.in21k_ft_in1k,ShuffleNet_V2_X2_0,dictatorial_weighteduncertainty,DuoWrapper,softmax_response,56.08,0.58,0.01034,ood_test
0.7616,0.7584006760011784,0.00034252705118772053,1.0100877635350547,0.07023318111896515,0.8301820544702779,0.08551634320821386,0.05451384232432877,0.6754,0.6404,0.597,0.5575,0.4973,0.4049,0.2789,0.1338,0.0618,0.0138,tf_efficientnetv2_l.in21k_ft_in1k,ShuffleNet_V2_X2_0,dictatorial_weighteduncertainty,DuoWrapper,entropy,56.08,0.58,0.01034,ood_test
0.7663,0.7633871948821538,0.00034252705118772053,1.0100877635350547,0.07023318111896515,0.8395035276959774,0.07942174749183056,0.04968497781345185,0.6924,0.6634,0.6281,0.5887,0.5329,0.4635,0.374,0.2115,0.0766,0.0126,tf_efficientnetv2_l.in21k_ft_in1k,ShuffleNet_V2_X2_0,temperature_weighted,DuoWrapper,softmax_response,56.08,0.58,0.01034,ood_test
0.7663,0.7633871948821538,0.00034252705118772053,1.0100877635350547,0.07023318111896515,0.8252917857516384,0.08477672584919,0.05503995617081128,0.6755,0.6404,0.597,0.5575,0.4973,0.4049,0.2789,0.1338,0.0618,0.0138,tf_efficientnetv2_l.in21k_ft_in1k,ShuffleNet_V2_X2_0,temperature_weighted,DuoWrapper,entropy,56.08,0.58,0.01034,ood_test
0.7676,0.7652972072039208,0.000340052876794966,0.9971669770782959,0.06442288309335709,0.842400935163269,0.07929105844122637,0.04989928768497396,0.7094,0.6781,0.6399,0.6031,0.5629,0.5105,0.4228,0.2306,0.004,0.004,tf_efficientnetv2_l.in21k_ft_in1k,Swin_B,logit_average,DuoWrapper,softmax_response,56.08,15.43,0.27514,ood_test
0.7676,0.7652972072039208,0.000340052876794966,0.9971669770782959,0.06442288309335709,0.8295070963523565,0.08493942171725616,0.055547650961003746,0.6975,0.6615,0.623,0.5847,0.5382,0.4261,0.2781,0.0067,0.0035,0.0035,tf_efficientnetv2_l.in21k_ft_in1k,Swin_B,logit_average,DuoWrapper,entropy,56.08,15.43,0.27514,ood_test
0.7616,0.7584006760011784,0.000340052876794966,0.9971669770782959,0.06442288309335709,0.8441268062908889,0.08118844578012901,0.05018594489624393,0.7017,0.6703,0.6382,0.6019,0.5629,0.5105,0.4228,0.2306,0.004,0.004,tf_efficientnetv2_l.in21k_ft_in1k,Swin_B,dictatorial_avguncertainty,DuoWrapper,softmax_response,56.08,15.43,0.27514,ood_test
0.7616,0.7584006760011784,0.000340052876794966,0.9971669770782959,0.06442288309335709,0.8335862265417912,0.0863639546894614,0.05536145380557631,0.6933,0.6578,0.6205,0.5838,0.5378,0.4261,0.2781,0.0067,0.0035,0.0035,tf_efficientnetv2_l.in21k_ft_in1k,Swin_B,dictatorial_avguncertainty,DuoWrapper,entropy,56.08,15.43,0.27514,ood_test
0.7616,0.7584006760011784,0.00033741458827328834,0.9878159638429254,0.075883649289608,0.850746430598246,0.0790755889812225,0.04807308809733741,0.7052,0.6781,0.6468,0.6025,0.5655,0.5141,0.4352,0.2406,0.007,0.0053,tf_efficientnetv2_l.in21k_ft_in1k,Swin_B,dictatorial_weighteduncertainty,DuoWrapper,softmax_response,56.08,15.43,0.27514,ood_test
0.7616,0.7584006760011784,0.00033741458827328834,0.9878159638429254,0.075883649289608,0.8403718240651966,0.08383713826833873,0.052834637384453646,0.6993,0.6673,0.6276,0.5881,0.5442,0.4529,0.3303,0.0601,0.0069,0.0053,tf_efficientnetv2_l.in21k_ft_in1k,Swin_B,dictatorial_weighteduncertainty,DuoWrapper,entropy,56.08,15.43,0.27514,ood_test
0.7714,0.7690505812690105,0.00033741458827328834,0.9878159638429254,0.075883649289608,0.8422918323957237,0.0772862964562294,0.04889037399034163,0.7092,0.6806,0.6468,0.6025,0.5655,0.5141,0.4352,0.2406,0.007,0.0053,tf_efficientnetv2_l.in21k_ft_in1k,Swin_B,temperature_weighted,DuoWrapper,softmax_response,56.08,15.43,0.27514,ood_test
0.7714,0.7690505812690105,0.00033741458827328834,0.9878159638429254,0.075883649289608,0.8301327919309542,0.0823572179078054,0.05396129544191762,0.7049,0.669,0.6294,0.5881,0.5442,0.4529,0.3303,0.0601,0.0069,0.0053,tf_efficientnetv2_l.in21k_ft_in1k,Swin_B,temperature_weighted,DuoWrapper,entropy,56.08,15.43,0.27514,ood_test
0.7683,0.765147941801811,0.00033598279896485117,0.984447927275045,0.05872594192624092,0.8479823145349853,0.07539049725669263,0.04618358297958565,0.7082,0.6768,0.6501,0.6111,0.5682,0.5267,0.4403,0.3275,0.0758,0.0025,tf_efficientnetv2_l.in21k_ft_in1k,Swin_S,logit_average,DuoWrapper,softmax_response,56.08,8.74,0.15585,ood_test
0.7683,0.765147941801811,0.00033598279896485117,0.984447927275045,0.05872594192624092,0.8351697785654263,0.08040182064313851,0.05119490636603154,0.6988,0.6652,0.6401,0.5988,0.5422,0.4749,0.3654,0.2271,0.0406,0.0025,tf_efficientnetv2_l.in21k_ft_in1k,Swin_S,logit_average,DuoWrapper,entropy,56.08,8.74,0.15585,ood_test
0.7616,0.7584006760011784,0.00033598279896485117,0.984447927275045,0.05872594192624092,0.8484808838069624,0.07779921659069614,0.04679671570681105,0.6997,0.6701,0.6441,0.6079,0.5682,0.5267,0.4403,0.3275,0.0758,0.0025,tf_efficientnetv2_l.in21k_ft_in1k,Swin_S,dictatorial_avguncertainty,DuoWrapper,softmax_response,56.08,8.74,0.15585,ood_test
0.7616,0.7584006760011784,0.00033598279896485117,0.984447927275045,0.05872594192624092,0.8373352329606338,0.0824939965692158,0.051491495685330714,0.6894,0.6601,0.6352,0.596,0.541,0.4749,0.3654,0.2271,0.0406,0.0025,tf_efficientnetv2_l.in21k_ft_in1k,Swin_S,dictatorial_avguncertainty,DuoWrapper,entropy,56.08,8.74,0.15585,ood_test
0.7616,0.7584006760011784,0.000334135106720904,0.9773200873288211,0.06989619135856628,0.8543778760980063,0.0765696552153915,0.04556715433150641,0.7065,0.676,0.6458,0.6162,0.5811,0.5281,0.4458,0.3102,0.0521,0.003,tf_efficientnetv2_l.in21k_ft_in1k,Swin_S,dictatorial_weighteduncertainty,DuoWrapper,softmax_response,56.08,8.74,0.15585,ood_test
0.7616,0.7584006760011784,0.000334135106720904,0.9773200873288211,0.06989619135856628,0.8437301724381028,0.08096637317306407,0.049963872289178986,0.6985,0.6708,0.6378,0.6023,0.5535,0.4841,0.3819,0.2045,0.0353,0.0028,tf_efficientnetv2_l.in21k_ft_in1k,Swin_S,dictatorial_weighteduncertainty,DuoWrapper,entropy,56.08,8.74,0.15585,ood_test
0.773,0.7701104370636819,0.000334135106720904,0.9773200873288211,0.06989619135856628,0.8448398025884619,0.07445123309154912,0.046469009620548105,0.7122,0.6816,0.6465,0.6162,0.5811,0.5281,0.4458,0.3102,0.0521,0.003,tf_efficientnetv2_l.in21k_ft_in1k,Swin_S,temperature_weighted,DuoWrapper,softmax_response,56.08,8.74,0.15585,ood_test
0.773,0.7701104370636819,0.000334135106720904,0.9773200873288211,0.06989619135856628,0.8332392817046691,0.07896487332913904,0.050982649858138024,0.7039,0.6736,0.6402,0.6029,0.5535,0.4841,0.3819,0.2045,0.0353,0.0028,tf_efficientnetv2_l.in21k_ft_in1k,Swin_S,temperature_weighted,DuoWrapper,entropy,56.08,8.74,0.15585,ood_test
0.7616,0.7586710798266302,0.000343523071526199,1.0009071854799796,0.05372679978609085,0.8465730592782414,0.07822772291752768,0.04722522203364259,0.6901,0.656,0.6246,0.5929,0.5564,0.5041,0.4265,0.3212,0.1054,0.0048,tf_efficientnetv2_l.in21k_ft_in1k,Swin_T,logit_average,DuoWrapper,softmax_response,56.08,4.49,0.08006,ood_test
0.7616,0.7586710798266302,0.000343523071526199,1.0009071854799796,0.05372679978609085,0.8325407632641982,0.08334997996450576,0.05234747908062067,0.6721,0.6479,0.6196,0.5784,0.5246,0.4643,0.3862,0.2305,0.0512,0.0048,tf_efficientnetv2_l.in21k_ft_in1k,Swin_T,logit_average,DuoWrapper,entropy,56.08,4.49,0.08006,ood_test
0.7616,0.7584006760011784,0.000343523071526199,1.0009071854799796,0.05372679978609085,0.8423675783232757,0.07922822841590989,0.0482257275320248,0.6792,0.652,0.6214,0.5904,0.5515,0.501,0.4265,0.3212,0.1054,0.0048,tf_efficientnetv2_l.in21k_ft_in1k,Swin_T,dictatorial_avguncertainty,DuoWrapper,softmax_response,56.08,4.49,0.08006,ood_test
0.7616,0.7584006760011784,0.000343523071526199,1.0009071854799796,0.05372679978609085,0.8294870984257796,0.08407918457571174,0.05307668369182666,0.6702,0.6448,0.6156,0.5758,0.5222,0.4632,0.3862,0.2305,0.0512,0.0048,tf_efficientnetv2_l.in21k_ft_in1k,Swin_T,dictatorial_avguncertainty,DuoWrapper,entropy,56.08,4.49,0.08006,ood_test
0.7616,0.7584006760011784,0.00033868909304891746,0.9858688505572927,0.06610441207885742,0.8494077672490976,0.07784290449010875,0.046840403606223664,0.6937,0.6591,0.6321,0.5996,0.5587,0.5081,0.4279,0.3138,0.0602,0.0049,tf_efficientnetv2_l.in21k_ft_in1k,Swin_T,dictatorial_weighteduncertainty,DuoWrapper,softmax_response,56.08,4.49,0.08006,ood_test
0.7616,0.7584006760011784,0.00033868909304891746,0.9858688505572927,0.06610441207885742,0.8369142552679628,0.08251500898876264,0.05151250810487756,0.6827,0.6565,0.6263,0.5774,0.5331,0.4587,0.378,0.2412,0.0547,0.0047,tf_efficientnetv2_l.in21k_ft_in1k,Swin_T,dictatorial_weighteduncertainty,DuoWrapper,entropy,56.08,4.49,0.08006,ood_test
0.7658,0.7631549795335058,0.00033868909304891746,0.9858688505572927,0.06610441207885742,0.8472449400157325,0.07674756355047982,0.046877514945742285,0.6958,0.6603,0.6335,0.6006,0.5587,0.5081,0.4279,0.3138,0.0602,0.0049,tf_efficientnetv2_l.in21k_ft_in1k,Swin_T,temperature_weighted,DuoWrapper,softmax_response,56.08,4.49,0.08006,ood_test
0.7658,0.7631549795335058,0.00033868909304891746,0.9858688505572927,0.06610441207885742,0.8333972956619657,0.08167232552889532,0.051802276924157786,0.6855,0.6595,0.6278,0.583,0.5331,0.4587,0.378,0.2412,0.0547,0.0047,tf_efficientnetv2_l.in21k_ft_in1k,Swin_T,temperature_weighted,DuoWrapper,entropy,56.08,4.49,0.08006,ood_test
0.7718,0.7690406812920835,0.00033489539801127605,0.9811039354047154,0.06626526266336441,0.8451493702532229,0.07560357823783573,0.04731139137471399,0.7198,0.6869,0.6518,0.6204,0.5755,0.5266,0.4301,0.3223,0.0263,0.0053,tf_efficientnetv2_l.in21k_ft_in1k,Swin_V2_B,logit_average,DuoWrapper,softmax_response,56.08,20.32,0.36234,ood_test
0.7718,0.7690406812920835,0.00033489539801127605,0.9811039354047154,0.06626526266336441,0.8346147355999236,0.08017689294391128,0.051884706080789544,0.7062,0.675,0.6464,0.6017,0.5548,0.489,0.3576,0.0376,0.0178,0.0046,tf_efficientnetv2_l.in21k_ft_in1k,Swin_V2_B,logit_average,DuoWrapper,entropy,56.08,20.32,0.36234,ood_test
0.7616,0.7584006760011784,0.00033489539801127605,0.9811039354047154,0.06626526266336441,0.8508824146269247,0.07814144746307106,0.04713894657918597,0.7067,0.6814,0.6483,0.6189,0.5754,0.5266,0.4301,0.3223,0.0263,0.0053,tf_efficientnetv2_l.in21k_ft_in1k,Swin_V2_B,dictatorial_avguncertainty,DuoWrapper,softmax_response,56.08,20.32,0.36234,ood_test
0.7616,0.7584006760011784,0.00033489539801127605,0.9811039354047154,0.06626526266336441,0.8423164121982685,0.08231422468583684,0.05131172380195175,0.7031,0.6714,0.6439,0.6008,0.5548,0.489,0.3576,0.0376,0.0178,0.0046,tf_efficientnetv2_l.in21k_ft_in1k,Swin_V2_B,dictatorial_avguncertainty,DuoWrapper,entropy,56.08,20.32,0.36234,ood_test
0.7616,0.7584006760011784,0.0003326322685488721,0.9731380637505274,0.07365333288908005,0.8555757637576842,0.07716154207385308,0.04615904118996799,0.7147,0.6848,0.6514,0.6245,0.5767,0.5173,0.4227,0.2888,0.0233,0.0125,tf_efficientnetv2_l.in21k_ft_in1k,Swin_V2_B,dictatorial_weighteduncertainty,DuoWrapper,softmax_response,56.08,20.32,0.36234,ood_test
0.7616,0.7584006760011784,0.0003326322685488721,0.9731380637505274,0.07365333288908005,0.8455099164246236,0.08162647306986305,0.050623972185977965,0.7033,0.6723,0.6432,0.6069,0.5392,0.4825,0.3432,0.0442,0.0155,0.0102,tf_efficientnetv2_l.in21k_ft_in1k,Swin_V2_B,dictatorial_weighteduncertainty,DuoWrapper,entropy,56.08,20.32,0.36234,ood_test
0.7737,0.7708957792799522,0.0003326322685488721,0.9731380637505274,0.07365333288908005,0.8446419980865656,0.07509224376033498,0.04728997179772016,0.7183,0.686,0.6516,0.6248,0.5767,0.5173,0.4227,0.2888,0.0233,0.0125,tf_efficientnetv2_l.in21k_ft_in1k,Swin_V2_B,temperature_weighted,DuoWrapper,softmax_response,56.08,20.32,0.36234,ood_test
0.7737,0.7708957792799522,0.0003326322685488721,0.9731380637505274,0.07365333288908005,0.8325859676182835,0.07990360837132307,0.05210133640870825,0.7065,0.6758,0.6446,0.6069,0.5392,0.4825,0.3432,0.0442,0.0155,0.0102,tf_efficientnetv2_l.in21k_ft_in1k,Swin_V2_B,temperature_weighted,DuoWrapper,entropy,56.08,20.32,0.36234,ood_test
0.771,0.7683454190160716,0.0003355139414747582,0.9852778339389024,0.06317221373319626,0.845144654194915,0.07547423364087907,0.046974368157127085,0.7086,0.6772,0.6422,0.5987,0.559,0.5077,0.4369,0.3285,0.0988,0.0043,tf_efficientnetv2_l.in21k_ft_in1k,Swin_V2_S,logit_average,DuoWrapper,softmax_response,56.08,11.55,0.20596,ood_test
0.771,0.7683454190160716,0.0003355139414747582,0.9852778339389024,0.06317221373319626,0.8338879637968044,0.08011976561240292,0.051619900128650927,0.7011,0.6747,0.6384,0.5796,0.5285,0.4642,0.3688,0.1754,0.0106,0.0048,tf_efficientnetv2_l.in21k_ft_in1k,Swin_V2_S,logit_average,DuoWrapper,entropy,56.08,11.55,0.20596,ood_test
0.7616,0.7584006760011784,0.0003355139414747582,0.9852778339389024,0.06317221373319626,0.8484231084946562,0.07824120640857314,0.047238705524688056,0.7001,0.6734,0.6396,0.5952,0.5579,0.5077,0.4369,0.3285,0.0988,0.0043,tf_efficientnetv2_l.in21k_ft_in1k,Swin_V2_S,dictatorial_avguncertainty,DuoWrapper,softmax_response,56.08,11.55,0.20596,ood_test
0.7616,0.7584006760011784,0.0003355139414747582,0.9852778339389024,0.06317221373319626,0.8388443582655378,0.08259347682098611,0.051590975937101026,0.6956,0.6662,0.6304,0.5789,0.5273,0.4601,0.3688,0.1754,0.0106,0.0048,tf_efficientnetv2_l.in21k_ft_in1k,Swin_V2_S,dictatorial_avguncertainty,DuoWrapper,entropy,56.08,11.55,0.20596,ood_test
0.7616,0.7584006760011784,0.0003332569257176017,0.9767161946755255,0.06966748833656311,0.8537866567558232,0.07734580438401188,0.046343303500126797,0.7086,0.6789,0.6451,0.6007,0.5617,0.509,0.4406,0.3096,0.0371,0.0049,tf_efficientnetv2_l.in21k_ft_in1k,Swin_V2_S,dictatorial_weighteduncertainty,DuoWrapper,softmax_response,56.08,11.55,0.20596,ood_test
0.7616,0.7584006760011784,0.0003332569257176017,0.9767161946755255,0.06966748833656311,0.8427820019052084,0.08196588248530591,0.050963381601420825,0.7053,0.6739,0.6242,0.5817,0.5388,0.4723,0.3595,0.2184,0.0402,0.0051,tf_efficientnetv2_l.in21k_ft_in1k,Swin_V2_S,dictatorial_weighteduncertainty,DuoWrapper,entropy,56.08,11.55,0.20596,ood_test
0.7745,0.7716856211001432,0.0003332569257176017,0.9767161946755255,0.06966748833656311,0.842519385226718,0.07506207317248616,0.04746468461551051,0.7114,0.6798,0.6459,0.6007,0.5617,0.509,0.4406,0.3096,0.0371,0.0049,tf_efficientnetv2_l.in21k_ft_in1k,Swin_V2_S,temperature_weighted,DuoWrapper,softmax_response,56.08,11.55,0.20596,ood_test
0.7745,0.7716856211001432,0.0003332569257176017,0.9767161946755255,0.06966748833656311,0.8312364890301874,0.07963279330775608,0.05203540475078043,0.7095,0.6793,0.6244,0.5818,0.5388,0.4723,0.3595,0.2184,0.0402,0.0051,tf_efficientnetv2_l.in21k_ft_in1k,Swin_V2_S,temperature_weighted,DuoWrapper,entropy,56.08,11.55,0.20596,ood_test
0.7649,0.7617513921543634,0.00033949979159644556,0.9932783732916034,0.050269715487957,0.8477201185421691,0.07640466317737649,0.0462938896927137,0.7013,0.6734,0.6377,0.6021,0.5602,0.5092,0.4464,0.3307,0.1283,0.0261,tf_efficientnetv2_l.in21k_ft_in1k,Swin_V2_T,logit_average,DuoWrapper,softmax_response,56.08,5.94,0.10592,ood_test
0.7649,0.7617513921543634,0.00033949979159644556,0.9932783732916034,0.050269715487957,0.834574584301365,0.08126310441786275,0.05115233093319996,0.6844,0.6583,0.6244,0.5873,0.5268,0.4743,0.3917,0.2274,0.047,0.0259,tf_efficientnetv2_l.in21k_ft_in1k,Swin_V2_T,logit_average,DuoWrapper,entropy,56.08,5.94,0.10592,ood_test
0.7616,0.7584006760011784,0.00033949979159644556,0.9932783732916034,0.050269715487957,0.8461743875927048,0.07802738676037305,0.04702488587648796,0.6952,0.6673,0.6356,0.5995,0.5576,0.5088,0.4464,0.3307,0.1283,0.0261,tf_efficientnetv2_l.in21k_ft_in1k,Swin_V2_T,dictatorial_avguncertainty,DuoWrapper,softmax_response,56.08,5.94,0.10592,ood_test
0.7616,0.7584006760011784,0.00033949979159644556,0.9932783732916034,0.050269715487957,0.8339335668726383,0.08271938150244929,0.0517168806185642,0.6796,0.6504,0.6157,0.5834,0.5252,0.4743,0.3917,0.2274,0.047,0.0259,tf_efficientnetv2_l.in21k_ft_in1k,Swin_V2_T,dictatorial_avguncertainty,DuoWrapper,entropy,56.08,5.94,0.10592,ood_test
0.7616,0.7584006760011784,0.00033628825116741826,0.9808091726369019,0.06375932693481445,0.8523958909801337,0.0770197490997754,0.04601724821589031,0.7021,0.6752,0.6406,0.6063,0.5643,0.5136,0.4408,0.3001,0.0611,0.0225,tf_efficientnetv2_l.in21k_ft_in1k,Swin_V2_T,dictatorial_weighteduncertainty,DuoWrapper,softmax_response,56.08,5.94,0.10592,ood_test
0.7616,0.7584006760011784,0.00033628825116741826,0.9808091726369019,0.06375932693481445,0.8399287882099149,0.08176287805875475,0.05076037717486966,0.6876,0.6598,0.6292,0.5879,0.5444,0.4787,0.3529,0.2241,0.0363,0.0218,tf_efficientnetv2_l.in21k_ft_in1k,Swin_V2_T,dictatorial_weighteduncertainty,DuoWrapper,entropy,56.08,5.94,0.10592,ood_test
0.7684,0.7648783157813446,0.00033628825116741826,0.9808091726369019,0.06375932693481445,0.8471064012518668,0.07566474063633419,0.04648418235112139,0.7049,0.678,0.6427,0.6063,0.5643,0.5136,0.4408,0.3001,0.0611,0.0225,tf_efficientnetv2_l.in21k_ft_in1k,Swin_V2_T,temperature_weighted,DuoWrapper,softmax_response,56.08,5.94,0.10592,ood_test
0.7684,0.7648783157813446,0.00033628825116741826,0.9808091726369019,0.06375932693481445,0.8342091410363952,0.0804365125636692,0.051255954278456396,0.6921,0.6638,0.6305,0.5879,0.5444,0.4787,0.3529,0.2241,0.0363,0.0218,tf_efficientnetv2_l.in21k_ft_in1k,Swin_V2_T,temperature_weighted,DuoWrapper,entropy,56.08,5.94,0.10592,ood_test
0.7853,0.7818915445901248,0.00031732518697753494,0.9098880767081646,0.0626528188586235,0.8457875324480909,0.06991393564565762,0.04500194074501379,0.7402,0.7112,0.6788,0.6455,0.6123,0.5644,0.4929,0.3844,0.0112,0.0069,tf_efficientnetv2_l.in21k_ft_in1k,vit_base_patch16_clip_224.laion2b_ft_in12k_in1k,logit_average,DuoWrapper,softmax_response,56.08,17.56,0.31312,ood_test
0.7853,0.7818915445901248,0.00031732518697753494,0.9098880767081646,0.0626528188586235,0.8346187226618884,0.07417804506929769,0.04926605016865386,0.7329,0.7057,0.6744,0.6389,0.5903,0.5349,0.4192,0.2245,0.0101,0.0061,tf_efficientnetv2_l.in21k_ft_in1k,vit_base_patch16_clip_224.laion2b_ft_in12k_in1k,logit_average,DuoWrapper,entropy,56.08,17.56,0.31312,ood_test
0.7616,0.7584006760011784,0.00031732518697753494,0.9098880767081646,0.0626528188586235,0.8653729751653179,0.07427791111972844,0.04327541023584335,0.7286,0.7009,0.6714,0.6376,0.606,0.5605,0.4926,0.3844,0.0112,0.0069,tf_efficientnetv2_l.in21k_ft_in1k,vit_base_patch16_clip_224.laion2b_ft_in12k_in1k,dictatorial_avguncertainty,DuoWrapper,softmax_response,56.08,17.56,0.31312,ood_test
0.7616,0.7584006760011784,0.00031732518697753494,0.9098880767081646,0.0626528188586235,0.8578368768858213,0.07794459691539725,0.046942096031512164,0.7241,0.698,0.6679,0.6323,0.5852,0.5305,0.4187,0.2245,0.0101,0.0061,tf_efficientnetv2_l.in21k_ft_in1k,vit_base_patch16_clip_224.laion2b_ft_in12k_in1k,dictatorial_avguncertainty,DuoWrapper,entropy,56.08,17.56,0.31312,ood_test
0.7616,0.7584006760011784,0.0003190762670506284,0.9148972436722499,0.06575274467468262,0.861074910511604,0.07546224392943188,0.04445974304554679,0.7174,0.6929,0.6616,0.6306,0.597,0.5608,0.4969,0.388,0.0079,0.0072,tf_efficientnetv2_l.in21k_ft_in1k,vit_base_patch16_clip_224.laion2b_ft_in12k_in1k,dictatorial_weighteduncertainty,DuoWrapper,softmax_response,56.08,17.56,0.31312,ood_test
0.7616,0.7584006760011784,0.0003190762670506284,0.9148972436722499,0.06575274467468262,0.8554937272203345,0.0787156389544031,0.04771313807051802,0.7204,0.6914,0.6604,0.6233,0.5891,0.5443,0.4226,0.2267,0.0072,0.0059,tf_efficientnetv2_l.in21k_ft_in1k,vit_base_patch16_clip_224.laion2b_ft_in12k_in1k,dictatorial_weighteduncertainty,DuoWrapper,entropy,56.08,17.56,0.31312,ood_test
0.7836,0.78018334891568,0.0003190762670506284,0.9148972436722499,0.06575274467468262,0.8482059495536503,0.07017873470104585,0.04485394131716197,0.7395,0.709,0.6739,0.6443,0.6076,0.5633,0.5008,0.3889,0.0079,0.0072,tf_efficientnetv2_l.in21k_ft_in1k,vit_base_patch16_clip_224.laion2b_ft_in12k_in1k,temperature_weighted,DuoWrapper,softmax_response,56.08,17.56,0.31312,ood_test
0.7836,0.78018334891568,0.0003190762670506284,0.9148972436722499,0.06575274467468262,0.8383610491508455,0.07416886271671337,0.04884406933282949,0.7335,0.7027,0.6745,0.6323,0.5959,0.5467,0.4535,0.2315,0.0072,0.0059,tf_efficientnetv2_l.in21k_ft_in1k,vit_base_patch16_clip_224.laion2b_ft_in12k_in1k,temperature_weighted,DuoWrapper,entropy,56.08,17.56,0.31312,ood_test
0.766,0.7634545039068293,0.0003382925425344599,0.9990527412012505,0.07432248443365097,0.8508708241280043,0.0811555434860601,0.05133884561465334,0.7135,0.6847,0.6508,0.6189,0.5696,0.5153,0.4628,0.0017,0.0017,0.0017,vit_base_patch16_clip_224.laion2b_ft_in12k_in1k,ConvNeXt_Base,logit_average,DuoWrapper,softmax_response,17.56,15.36,0.87472,ood_test
0.766,0.7634545039068293,0.0003382925425344599,0.9990527412012505,0.07432248443365097,0.839944712235835,0.08655984155661181,0.05674314368520505,0.7107,0.6746,0.6454,0.6048,0.5432,0.4732,0.387,0.0015,0.0015,0.0015,vit_base_patch16_clip_224.laion2b_ft_in12k_in1k,ConvNeXt_Base,logit_average,DuoWrapper,entropy,17.56,15.36,0.87472,ood_test
0.7637,0.7609964566844875,0.0003382925425344599,0.9990527412012505,0.07432248443365097,0.8480208969950567,0.08259739949209048,0.05216401201080453,0.7096,0.6808,0.6494,0.6145,0.5694,0.5153,0.4628,0.0017,0.0017,0.0017,vit_base_patch16_clip_224.laion2b_ft_in12k_in1k,ConvNeXt_Base,dictatorial_avguncertainty,DuoWrapper,softmax_response,17.56,15.36,0.87472,ood_test
0.7637,0.7609964566844875,0.0003382925425344599,0.9990527412012505,0.07432248443365097,0.838829448653295,0.08766769987699555,0.05723431239570959,0.7022,0.6696,0.6435,0.6029,0.5432,0.4732,0.387,0.0015,0.0015,0.0015,vit_base_patch16_clip_224.laion2b_ft_in12k_in1k,ConvNeXt_Base,dictatorial_avguncertainty,DuoWrapper,entropy,17.56,15.36,0.87472,ood_test
0.7637,0.7609964566844875,0.000334492164725112,0.9855888990312027,0.06924968957901001,0.8538545250806111,0.08099845701654451,0.05056506953525856,0.7165,0.6889,0.6538,0.625,0.5806,0.5284,0.4556,0.002,0.002,0.002,vit_base_patch16_clip_224.laion2b_ft_in12k_in1k,ConvNeXt_Base,dictatorial_weighteduncertainty,DuoWrapper,softmax_response,17.56,15.36,0.87472,ood_test
0.7637,0.7609964566844875,0.000334492164725112,0.9855888990312027,0.06924968957901001,0.8428767757655324,0.08659749959426873,0.05616411211298277,0.7115,0.6829,0.6494,0.6115,0.5572,0.4869,0.3676,0.0019,0.0019,0.0019,vit_base_patch16_clip_224.laion2b_ft_in12k_in1k,ConvNeXt_Base,dictatorial_weighteduncertainty,DuoWrapper,entropy,17.56,15.36,0.87472,ood_test
0.7725,0.7700972473698894,0.000334492164725112,0.9855888990312027,0.06924968957901001,0.8445038870514598,0.07980486473885182,0.05169371641125818,0.7178,0.6889,0.6544,0.625,0.5806,0.5284,0.4556,0.002,0.002,0.002,vit_base_patch16_clip_224.laion2b_ft_in12k_in1k,ConvNeXt_Base,temperature_weighted,DuoWrapper,softmax_response,17.56,15.36,0.87472,ood_test
0.7725,0.7700972473698894,0.000334492164725112,0.9855888990312027,0.06924968957901001,0.8341688964756926,0.08518856546496908,0.05707741713737545,0.7127,0.6829,0.6502,0.6115,0.5572,0.4869,0.3676,0.0019,0.0019,0.0019,vit_base_patch16_clip_224.laion2b_ft_in12k_in1k,ConvNeXt_Base,temperature_weighted,DuoWrapper,entropy,17.56,15.36,0.87472,ood_test
0.7661,0.7630651151852014,0.0003395705121824674,1.0050152245068067,0.06508726626634598,0.8454236403556232,0.08184403070202442,0.052053988614185365,0.7008,0.6735,0.6399,0.6045,0.5722,0.525,0.3909,0.0049,0.0041,0.0041,vit_base_patch16_clip_224.laion2b_ft_in12k_in1k,ConvNeXt_Small,logit_average,DuoWrapper,softmax_response,17.56,8.68,0.49431,ood_test
0.7661,0.7630651151852014,0.0003395705121824674,1.0050152245068067,0.06508726626634598,0.8316581449303281,0.08853985898658756,0.0587498168987485,0.6971,0.6658,0.6283,0.5894,0.5496,0.4588,0.0052,0.0047,0.0046,0.0046,vit_base_patch16_clip_224.laion2b_ft_in12k_in1k,ConvNeXt_Small,logit_average,DuoWrapper,entropy,17.56,8.68,0.49431,ood_test
0.7637,0.7609964566844875,0.0003395705121824674,1.0050152245068067,0.06508726626634598,0.8454171400111192,0.08269514944444986,0.05226176196316391,0.7034,0.6725,0.6403,0.6046,0.572,0.5242,0.3909,0.0049,0.0041,0.0041,vit_base_patch16_clip_224.laion2b_ft_in12k_in1k,ConvNeXt_Small,dictatorial_avguncertainty,DuoWrapper,softmax_response,17.56,8.68,0.49431,ood_test
0.7637,0.7609964566844875,0.0003395705121824674,1.0050152245068067,0.06508726626634598,0.8332066125054034,0.08908851378021064,0.058655126298924685,0.6943,0.6659,0.629,0.5895,0.5493,0.4588,0.0052,0.0047,0.0046,0.0046,vit_base_patch16_clip_224.laion2b_ft_in12k_in1k,ConvNeXt_Small,dictatorial_avguncertainty,DuoWrapper,entropy,17.56,8.68,0.49431,ood_test
0.7637,0.7609964566844875,0.00033700878315765496,0.9932482163764773,0.07055991888046265,0.8522705655269512,0.08078747475916626,0.0503540872778803,0.7113,0.679,0.6456,0.6143,0.5778,0.5218,0.4295,0.0055,0.0055,0.0014,vit_base_patch16_clip_224.laion2b_ft_in12k_in1k,ConvNeXt_Small,dictatorial_weighteduncertainty,DuoWrapper,softmax_response,17.56,8.68,0.49431,ood_test
0.7637,0.7609964566844875,0.00033700878315765496,0.9932482163764773,0.07055991888046265,0.8403741202248824,0.08681444901454075,0.05638106153325479,0.7041,0.6769,0.6358,0.6105,0.564,0.4866,0.3271,0.005,0.0014,0.0014,vit_base_patch16_clip_224.laion2b_ft_in12k_in1k,ConvNeXt_Small,dictatorial_weighteduncertainty,DuoWrapper,entropy,17.56,8.68,0.49431,ood_test
0.7702,0.7676886015248952,0.00033700878315765496,0.9932482163764773,0.07055991888046265,0.844477201111282,0.08009576345828802,0.05138738926296797,0.7103,0.679,0.6457,0.6143,0.5778,0.5218,0.4295,0.0055,0.0055,0.0014,vit_base_patch16_clip_224.laion2b_ft_in12k_in1k,ConvNeXt_Small,temperature_weighted,DuoWrapper,softmax_response,17.56,8.68,0.49431,ood_test
0.7702,0.7676886015248952,0.00033700878315765496,0.9932482163764773,0.07055991888046265,0.83290825752763,0.08598712911154091,0.057278754916220864,0.7031,0.6757,0.6358,0.6105,0.564,0.4866,0.3271,0.005,0.0014,0.0014,vit_base_patch16_clip_224.laion2b_ft_in12k_in1k,ConvNeXt_Small,temperature_weighted,DuoWrapper,entropy,17.56,8.68,0.49431,ood_test
0.763,0.7605169230127109,0.00034422770121324357,1.005164373406531,0.06556769460439682,0.8455890029917437,0.08114464722103923,0.050522197670715766,0.6992,0.6723,0.6426,0.6089,0.5696,0.5091,0.4287,0.2113,0.0022,0.0022,vit_base_patch16_clip_224.laion2b_ft_in12k_in1k,ConvNeXt_Tiny,logit_average,DuoWrapper,softmax_response,17.56,4.46,0.25399,ood_test
0.763,0.7605169230127109,0.00034422770121324357,1.005164373406531,0.06556769460439682,0.83449903501059,0.0865880537935752,0.05596560424325174,0.6872,0.6536,0.6291,0.5927,0.5544,0.4832,0.2287,0.0036,0.002,0.002,vit_base_patch16_clip_224.laion2b_ft_in12k_in1k,ConvNeXt_Tiny,logit_average,DuoWrapper,entropy,17.56,4.46,0.25399,ood_test
0.7637,0.7609964566844875,0.00034422770121324357,1.005164373406531,0.06556769460439682,0.8429010467615092,0.08145099419902377,0.051017606717737814,0.6987,0.6716,0.641,0.6089,0.5694,0.5089,0.4287,0.2113,0.0022,0.0022,vit_base_patch16_clip_224.laion2b_ft_in12k_in1k,ConvNeXt_Tiny,dictatorial_avguncertainty,DuoWrapper,softmax_response,17.56,4.46,0.25399,ood_test
0.7637,0.7609964566844875,0.00034422770121324357,1.005164373406531,0.06556769460439682,0.8320394158758136,0.08684458460802148,0.05641119712673553,0.6877,0.6543,0.6269,0.5915,0.553,0.4832,0.2287,0.0036,0.002,0.002,vit_base_patch16_clip_224.laion2b_ft_in12k_in1k,ConvNeXt_Tiny,dictatorial_avguncertainty,DuoWrapper,entropy,17.56,4.46,0.25399,ood_test
0.7637,0.7609964566844875,0.000339073194454974,0.9894952014011926,0.06615777313709259,0.8506412502422251,0.07997890038135659,0.049545512900070636,0.7056,0.6769,0.6468,0.6173,0.5857,0.5205,0.4426,0.2436,0.0022,0.0022,vit_base_patch16_clip_224.laion2b_ft_in12k_in1k,ConvNeXt_Tiny,dictatorial_weighteduncertainty,DuoWrapper,softmax_response,17.56,4.46,0.25399,ood_test
0.7637,0.7609964566844875,0.000339073194454974,0.9894952014011926,0.06615777313709259,0.8394172722270927,0.08537949608378187,0.054946108602495915,0.6977,0.6706,0.6382,0.6006,0.5651,0.4973,0.3446,0.0038,0.0017,0.0017,vit_base_patch16_clip_224.laion2b_ft_in12k_in1k,ConvNeXt_Tiny,dictatorial_weighteduncertainty,DuoWrapper,entropy,17.56,4.46,0.25399,ood_test
0.7681,0.7658161174651372,0.000339073194454974,0.9894952014011926,0.06615777313709259,0.8453214388151877,0.07951036235538907,0.05025069704555228,0.7056,0.6771,0.6468,0.6173,0.5857,0.5205,0.4426,0.2436,0.0022,0.0022,vit_base_patch16_clip_224.laion2b_ft_in12k_in1k,ConvNeXt_Tiny,temperature_weighted,DuoWrapper,softmax_response,17.56,4.46,0.25399,ood_test
0.7681,0.7658161174651372,0.000339073194454974,0.9894952014011926,0.06615777313709259,0.8350481374070942,0.08466720678090305,0.05540754147106626,0.6976,0.6713,0.6388,0.6006,0.5651,0.4973,0.3446,0.0038,0.0017,0.0017,vit_base_patch16_clip_224.laion2b_ft_in12k_in1k,ConvNeXt_Tiny,temperature_weighted,DuoWrapper,entropy,17.56,4.46,0.25399,ood_test
0.7533,0.7502961722931812,0.0003527154633145553,1.0421175693831022,0.05014606565237045,0.8460557898711418,0.08257655370404875,0.04926787498510502,0.6794,0.6494,0.6205,0.5831,0.5355,0.4874,0.4112,0.3029,0.0614,0.0015,vit_base_patch16_clip_224.laion2b_ft_in12k_in1k,EfficientNet_B0,logit_average,DuoWrapper,softmax_response,17.56,0.39,0.02221,ood_test
0.7533,0.7502961722931812,0.0003527154633145553,1.0421175693831022,0.05014606565237045,0.8290069835138577,0.08817554121055808,0.054866862491614356,0.6461,0.6195,0.5938,0.5574,0.5213,0.4483,0.3733,0.2769,0.0411,0.0016,vit_base_patch16_clip_224.laion2b_ft_in12k_in1k,EfficientNet_B0,logit_average,DuoWrapper,entropy,17.56,0.39,0.02221,ood_test
0.7637,0.7609964566844875,0.0003527154633145553,1.0421175693831022,0.05014606565237045,0.8322072348514213,0.08169623116642456,0.05126284368513861,0.6791,0.6492,0.6204,0.5863,0.5355,0.4874,0.4112,0.3029,0.0614,0.0015,vit_base_patch16_clip_224.laion2b_ft_in12k_in1k,EfficientNet_B0,dictatorial_avguncertainty,DuoWrapper,softmax_response,17.56,0.39,0.02221,ood_test
0.7637,0.7609964566844875,0.0003527154633145553,1.0421175693831022,0.05014606565237045,0.815380563398529,0.08713580847212475,0.056702420990838796,0.6456,0.623,0.5953,0.5586,0.5215,0.4483,0.3733,0.2769,0.0411,0.0016,vit_base_patch16_clip_224.laion2b_ft_in12k_in1k,EfficientNet_B0,dictatorial_avguncertainty,DuoWrapper,entropy,17.56,0.39,0.02221,ood_test
0.7637,0.7609964566844875,0.00034506934266451003,1.0187817930752932,0.07868832349777222,0.8482446279225839,0.08029215703958295,0.049858769558296996,0.7005,0.6683,0.6439,0.611,0.568,0.5163,0.4441,0.2068,0.0014,0.0014,vit_base_patch16_clip_224.laion2b_ft_in12k_in1k,EfficientNet_B0,dictatorial_weighteduncertainty,DuoWrapper,softmax_response,17.56,0.39,0.02221,ood_test
0.7637,0.7609964566844875,0.00034506934266451003,1.0187817930752932,0.07868832349777222,0.8393424920693967,0.08504172236626814,0.054608334884982186,0.6981,0.6665,0.6363,0.6017,0.5507,0.4882,0.4061,0.0075,0.0014,0.0014,vit_base_patch16_clip_224.laion2b_ft_in12k_in1k,EfficientNet_B0,dictatorial_weighteduncertainty,DuoWrapper,entropy,17.56,0.39,0.02221,ood_test
0.7641,0.7609703172178492,0.00034506934266451003,1.0187817930752932,0.07868832349777222,0.847647968371249,0.08027138262461762,0.04994574250237083,0.7005,0.6683,0.6439,0.611,0.568,0.5163,0.4441,0.2068,0.0014,0.0014,vit_base_patch16_clip_224.laion2b_ft_in12k_in1k,EfficientNet_B0,temperature_weighted,DuoWrapper,softmax_response,17.56,0.39,0.02221,ood_test
0.7641,0.7609703172178492,0.00034506934266451003,1.0187817930752932,0.07868832349777222,0.8388626726958085,0.08498850124018102,0.054662861117934225,0.6971,0.6665,0.6363,0.6017,0.5507,0.4882,0.4061,0.0075,0.0014,0.0014,vit_base_patch16_clip_224.laion2b_ft_in12k_in1k,EfficientNet_B0,temperature_weighted,DuoWrapper,entropy,17.56,0.39,0.02221,ood_test
0.7565,0.7536621946758466,0.0003475948338868909,1.0190626665900204,0.05224315822124481,0.8495655584523452,0.07944410312081565,0.04703533075465726,0.6841,0.6545,0.6263,0.5901,0.5476,0.487,0.4272,0.3452,0.1373,0.0216,vit_base_patch16_clip_224.laion2b_ft_in12k_in1k,EfficientNet_B1,logit_average,DuoWrapper,softmax_response,17.56,0.69,0.03929,ood_test
0.7565,0.7536621946758466,0.0003475948338868909,1.0190626665900204,0.05224315822124481,0.8354940278028476,0.0847184187068855,0.05230964634072711,0.6677,0.637,0.6104,0.5765,0.5371,0.4689,0.4051,0.2969,0.0259,0.0154,vit_base_patch16_clip_224.laion2b_ft_in12k_in1k,EfficientNet_B1,logit_average,DuoWrapper,entropy,17.56,0.69,0.03929,ood_test
0.7637,0.7609964566844875,0.0003475948338868909,1.0190626665900204,0.05224315822124481,0.8405111294430399,0.07871859193405852,0.04828520445277256,0.6853,0.6562,0.627,0.5913,0.5476,0.487,0.4272,0.3452,0.1373,0.0216,vit_base_patch16_clip_224.laion2b_ft_in12k_in1k,EfficientNet_B1,dictatorial_avguncertainty,DuoWrapper,softmax_response,17.56,0.69,0.03929,ood_test
0.7637,0.7609964566844875,0.0003475948338868909,1.0190626665900204,0.05224315822124481,0.8266524184468214,0.08390948876835853,0.05347610128707258,0.6658,0.6375,0.6105,0.5761,0.5371,0.4689,0.4051,0.2969,0.0259,0.0154,vit_base_patch16_clip_224.laion2b_ft_in12k_in1k,EfficientNet_B1,dictatorial_avguncertainty,DuoWrapper,entropy,17.56,0.69,0.03929,ood_test
0.7637,0.7609964566844875,0.0003447121863961587,1.0173695367972446,0.08106599748134613,0.8489933992311192,0.08014899909051576,0.049715611609229805,0.6984,0.6708,0.6455,0.6154,0.574,0.5183,0.4458,0.0237,0.0012,0.0012,vit_base_patch16_clip_224.laion2b_ft_in12k_in1k,EfficientNet_B1,dictatorial_weighteduncertainty,DuoWrapper,softmax_response,17.56,0.69,0.03929,ood_test
0.7637,0.7609964566844875,0.0003447121863961587,1.0173695367972446,0.08106599748134613,0.8397094107905413,0.08522763825826443,0.05479425077697848,0.6981,0.6704,0.6404,0.6052,0.5603,0.4815,0.4056,0.0146,0.0012,0.0012,vit_base_patch16_clip_224.laion2b_ft_in12k_in1k,EfficientNet_B1,dictatorial_weighteduncertainty,DuoWrapper,entropy,17.56,0.69,0.03929,ood_test
0.7636,0.760502167034281,0.0003447121863961587,1.0173695367972446,0.08106599748134613,0.8490793343313665,0.08016564423920111,0.04970528718707337,0.6984,0.6708,0.6455,0.6154,0.574,0.5183,0.4458,0.0237,0.0012,0.0012,vit_base_patch16_clip_224.laion2b_ft_in12k_in1k,EfficientNet_B1,temperature_weighted,DuoWrapper,softmax_response,17.56,0.69,0.03929,ood_test
0.7636,0.760502167034281,0.0003447121863961587,1.0173695367972446,0.08106599748134613,0.8398530116936517,0.08523095435645146,0.05477059730432372,0.6982,0.6704,0.6404,0.6052,0.5603,0.4815,0.4056,0.0146,0.0012,0.0012,vit_base_patch16_clip_224.laion2b_ft_in12k_in1k,EfficientNet_B1,temperature_weighted,DuoWrapper,entropy,17.56,0.69,0.03929,ood_test
0.7604,0.757197796029013,0.0003446830405970343,1.0171026871342481,0.050399988889694214,0.8457199565029916,0.0804405653916151,0.04911025808078585,0.6858,0.6595,0.6277,0.5873,0.5336,0.4825,0.4179,0.251,0.0255,0.0033,vit_base_patch16_clip_224.laion2b_ft_in12k_in1k,EfficientNet_B2,logit_average,DuoWrapper,softmax_response,17.56,1.09,0.06207,ood_test
0.7604,0.757197796029013,0.0003446830405970343,1.0171026871342481,0.050399988889694214,0.8313870149179019,0.08598269649448073,0.054652389183651486,0.6715,0.6416,0.6083,0.5691,0.5237,0.4525,0.3601,0.0685,0.0054,0.0031,vit_base_patch16_clip_224.laion2b_ft_in12k_in1k,EfficientNet_B2,logit_average,DuoWrapper,entropy,17.56,1.09,0.06207,ood_test
0.7637,0.7609964566844875,0.0003446830405970343,1.0171026871342481,0.050399988889694214,0.8393802284809498,0.08057056524350198,0.050137177762216024,0.6847,0.6595,0.6293,0.5879,0.5336,0.4825,0.4179,0.251,0.0255,0.0033,vit_base_patch16_clip_224.laion2b_ft_in12k_in1k,EfficientNet_B2,dictatorial_avguncertainty,DuoWrapper,softmax_response,17.56,1.09,0.06207,ood_test
0.7637,0.7609964566844875,0.0003446830405970343,1.0171026871342481,0.050399988889694214,0.8251735777958289,0.08608885664638913,0.05565546916510317,0.6702,0.6424,0.6048,0.5689,0.5246,0.4525,0.3601,0.0685,0.0054,0.0031,vit_base_patch16_clip_224.laion2b_ft_in12k_in1k,EfficientNet_B2,dictatorial_avguncertainty,DuoWrapper,entropy,17.56,1.09,0.06207,ood_test
0.7637,0.7609964566844875,0.0003437282219116249,1.016569215349455,0.07855488359928131,0.8492415673943218,0.08048367302084977,0.05005028553956382,0.7004,0.6737,0.6408,0.6134,0.5753,0.5186,0.4288,0.0201,0.0014,0.0014,vit_base_patch16_clip_224.laion2b_ft_in12k_in1k,EfficientNet_B2,dictatorial_weighteduncertainty,DuoWrapper,softmax_response,17.56,1.09,0.06207,ood_test
0.7637,0.7609964566844875,0.0003437282219116249,1.016569215349455,0.07855488359928131,0.8392464332302962,0.0858971112061296,0.05546372372484364,0.7014,0.6742,0.6367,0.6048,0.5618,0.4803,0.2522,0.0102,0.0014,0.0014,vit_base_patch16_clip_224.laion2b_ft_in12k_in1k,EfficientNet_B2,dictatorial_weighteduncertainty,DuoWrapper,entropy,17.56,1.09,0.06207,ood_test
0.7656,0.7628033954913174,0.0003437282219116249,1.016569215349455,0.07855488359928131,0.84654346030328,0.08036384363446064,0.050440392063432885,0.7004,0.6737,0.6408,0.6134,0.5753,0.5186,0.4288,0.0201,0.0014,0.0014,vit_base_patch16_clip_224.laion2b_ft_in12k_in1k,EfficientNet_B2,temperature_weighted,DuoWrapper,softmax_response,17.56,1.09,0.06207,ood_test
0.7656,0.7628033954913174,0.0003437282219116249,1.016569215349455,0.07855488359928131,0.8374337110067368,0.0855755156938763,0.05565206412284854,0.7014,0.6742,0.6367,0.6048,0.5618,0.4803,0.2522,0.0102,0.0014,0.0014,vit_base_patch16_clip_224.laion2b_ft_in12k_in1k,EfficientNet_B2,temperature_weighted,DuoWrapper,entropy,17.56,1.09,0.06207,ood_test
0.7631,0.7603719688107708,0.00034319340984499084,1.0102609083638527,0.0612778402864933,0.8481687164046543,0.07804338042402545,0.0474479790454516,0.6951,0.6693,0.6392,0.6088,0.5664,0.5062,0.4192,0.2969,0.0753,0.0012,vit_base_patch16_clip_224.laion2b_ft_in12k_in1k,EfficientNet_B3,logit_average,DuoWrapper,softmax_response,17.56,1.83,0.10421,ood_test
0.7631,0.7603719688107708,0.00034319340984499084,1.0102609083638527,0.0612778402864933,0.8371104809595882,0.0829991815433614,0.052403780164787556,0.6875,0.6596,0.6345,0.6009,0.5503,0.4824,0.3078,0.1013,0.0367,0.001,vit_base_patch16_clip_224.laion2b_ft_in12k_in1k,EfficientNet_B3,logit_average,DuoWrapper,entropy,17.56,1.83,0.10421,ood_test
0.7637,0.7609964566844875,0.00034319340984499084,1.0102609083638527,0.0612778402864933,0.8439087641070315,0.07873980321703848,0.04830641573575253,0.6941,0.666,0.6359,0.6062,0.5664,0.5062,0.4192,0.2969,0.0753,0.0012,vit_base_patch16_clip_224.laion2b_ft_in12k_in1k,EfficientNet_B3,dictatorial_avguncertainty,DuoWrapper,softmax_response,17.56,1.83,0.10421,ood_test
0.7637,0.7609964566844875,0.00034319340984499084,1.0102609083638527,0.0612778402864933,0.8322253272719382,0.0838521175069324,0.05341873002564645,0.6826,0.658,0.6335,0.5996,0.5503,0.4824,0.3078,0.1013,0.0367,0.001,vit_base_patch16_clip_224.laion2b_ft_in12k_in1k,EfficientNet_B3,dictatorial_avguncertainty,DuoWrapper,entropy,17.56,1.83,0.10421,ood_test
0.7637,0.7609964566844875,0.00033950033055294245,0.9962966720324845,0.06938327103853226,0.8515897585484747,0.07745612848601427,0.047022741004728315,0.7058,0.6742,0.6481,0.6126,0.5652,0.5235,0.4561,0.3145,0.0311,0.001,vit_base_patch16_clip_224.laion2b_ft_in12k_in1k,EfficientNet_B3,dictatorial_weighteduncertainty,DuoWrapper,softmax_response,17.56,1.83,0.10421,ood_test
0.7637,0.7609964566844875,0.00033950033055294245,0.9962966720324845,0.06938327103853226,0.8402510751413965,0.0825445507714186,0.05211116329013265,0.6958,0.6714,0.6379,0.6003,0.5519,0.4981,0.3717,0.0346,0.0257,0.0008,vit_base_patch16_clip_224.laion2b_ft_in12k_in1k,EfficientNet_B3,dictatorial_weighteduncertainty,DuoWrapper,entropy,17.56,1.83,0.10421,ood_test
0.7679,0.7656263472626704,0.00033950033055294245,0.9962966720324845,0.06938327103853226,0.8473920912907895,0.07682525525886309,0.0475127868397435,0.7064,0.6751,0.6481,0.6126,0.5652,0.5235,0.4561,0.3145,0.0311,0.001,vit_base_patch16_clip_224.laion2b_ft_in12k_in1k,EfficientNet_B3,temperature_weighted,DuoWrapper,softmax_response,17.56,1.83,0.10421,ood_test
0.7679,0.7656263472626704,0.00033950033055294245,0.9962966720324845,0.06938327103853226,0.8372904297204522,0.08161437598521995,0.052301907566100356,0.6966,0.6714,0.6388,0.6003,0.5519,0.4981,0.3717,0.0346,0.0257,0.0008,vit_base_patch16_clip_224.laion2b_ft_in12k_in1k,EfficientNet_B3,temperature_weighted,DuoWrapper,entropy,17.56,1.83,0.10421,ood_test
0.7703,0.7676151428321036,0.0003348478958050525,0.9830773044880736,0.06329189240932465,0.8474829108131774,0.07627906965750106,0.047596804476177985,0.7113,0.6856,0.6505,0.6215,0.5791,0.5284,0.4484,0.2808,0.0108,0.0045,vit_base_patch16_clip_224.laion2b_ft_in12k_in1k,EfficientNet_B4,logit_average,DuoWrapper,softmax_response,17.56,4.39,0.25,ood_test
0.7703,0.7676151428321036,0.0003348478958050525,0.9830773044880736,0.06329189240932465,0.8372767882247507,0.08141027424071884,0.052728009059395765,0.7011,0.6746,0.648,0.6158,0.5711,0.4895,0.313,0.0092,0.008,0.0042,vit_base_patch16_clip_224.laion2b_ft_in12k_in1k,EfficientNet_B4,logit_average,DuoWrapper,entropy,17.56,4.39,0.25,ood_test
0.7637,0.7609964566844875,0.0003348478958050525,0.9830773044880736,0.06329189240932465,0.8505748651893018,0.07804659542885352,0.047613207947567564,0.7046,0.6792,0.6488,0.6206,0.5787,0.5242,0.4484,0.2808,0.0108,0.0045,vit_base_patch16_clip_224.laion2b_ft_in12k_in1k,EfficientNet_B4,dictatorial_avguncertainty,DuoWrapper,softmax_response,17.56,4.39,0.25,ood_test
0.7637,0.7609964566844875,0.0003348478958050525,0.9830773044880736,0.06329189240932465,0.8400298378093464,0.08331472131055133,0.052881333829265374,0.6959,0.672,0.6455,0.6122,0.5709,0.4895,0.313,0.0092,0.008,0.0042,vit_base_patch16_clip_224.laion2b_ft_in12k_in1k,EfficientNet_B4,dictatorial_avguncertainty,DuoWrapper,entropy,17.56,4.39,0.25,ood_test
0.7637,0.7609964566844875,0.00033488767101382265,0.9811301596627152,0.07419542968273163,0.8559421355074088,0.0764266668649191,0.045993279383633144,0.7171,0.6871,0.6558,0.6207,0.5853,0.5386,0.4533,0.2694,0.006,0.0055,vit_base_patch16_clip_224.laion2b_ft_in12k_in1k,EfficientNet_B4,dictatorial_weighteduncertainty,DuoWrapper,softmax_response,17.56,4.39,0.25,ood_test
0.7637,0.7609964566844875,0.00033488767101382265,0.9811301596627152,0.07419542968273163,0.8465592067396235,0.08142830417791008,0.05099491669662413,0.7071,0.6824,0.6502,0.6194,0.5839,0.5108,0.3542,0.0212,0.0052,0.0043,vit_base_patch16_clip_224.laion2b_ft_in12k_in1k,EfficientNet_B4,dictatorial_weighteduncertainty,DuoWrapper,entropy,17.56,4.39,0.25,ood_test
0.7718,0.7692338933061471,0.00033488767101382265,0.9811301596627152,0.07419542968273163,0.8484619368679338,0.0751004531810729,0.04680826631795117,0.7199,0.6871,0.6563,0.6219,0.5853,0.5386,0.4533,0.2694,0.006,0.0055,vit_base_patch16_clip_224.laion2b_ft_in12k_in1k,EfficientNet_B4,temperature_weighted,DuoWrapper,softmax_response,17.56,4.39,0.25,ood_test
0.7718,0.7692338933061471,0.00033488767101382265,0.9811301596627152,0.07419542968273163,0.8396493485640519,0.07991310439897126,0.05162091753584952,0.7087,0.6841,0.6517,0.6194,0.5839,0.5108,0.3542,0.0212,0.0052,0.0043,vit_base_patch16_clip_224.laion2b_ft_in12k_in1k,EfficientNet_B4,temperature_weighted,DuoWrapper,entropy,17.56,4.39,0.25,ood_test
0.7724,0.7699423697847078,0.000332676816373869,0.9714273038241111,0.062365058809518814,0.8487226607046805,0.07394765580592745,0.04581068367876458,0.7146,0.6861,0.6551,0.622,0.5809,0.5285,0.4528,0.3467,0.1359,0.0061,vit_base_patch16_clip_224.laion2b_ft_in12k_in1k,EfficientNet_B5,logit_average,DuoWrapper,softmax_response,17.56,10.27,0.58485,ood_test
0.7724,0.7699423697847078,0.000332676816373869,0.9714273038241111,0.062365058809518814,0.8391607333497764,0.07846540903397295,0.050328436906810076,0.7125,0.6834,0.6478,0.6149,0.5702,0.5205,0.3866,0.1774,0.0045,0.0045,vit_base_patch16_clip_224.laion2b_ft_in12k_in1k,EfficientNet_B5,logit_average,DuoWrapper,entropy,17.56,10.27,0.58485,ood_test
0.7637,0.7609964566844875,0.000332676816373869,0.9714273038241111,0.062365058809518814,0.8548301304577116,0.07579788994627729,0.04536450246499133,0.7088,0.6803,0.6527,0.6203,0.5805,0.5285,0.4528,0.3467,0.1359,0.0061,vit_base_patch16_clip_224.laion2b_ft_in12k_in1k,EfficientNet_B5,dictatorial_avguncertainty,DuoWrapper,softmax_response,17.56,10.27,0.58485,ood_test
0.7637,0.7609964566844875,0.000332676816373869,0.9714273038241111,0.062365058809518814,0.844872926651554,0.08047434292136718,0.050040955440081226,0.7045,0.6775,0.6452,0.6143,0.5702,0.5205,0.3866,0.1774,0.0045,0.0045,vit_base_patch16_clip_224.laion2b_ft_in12k_in1k,EfficientNet_B5,dictatorial_avguncertainty,DuoWrapper,entropy,17.56,10.27,0.58485,ood_test
0.7637,0.7609964566844875,0.0003318748607475337,0.9682641657573878,0.06675968319177628,0.8590492108850873,0.07554350021042418,0.04511011272913822,0.7162,0.6861,0.6559,0.6259,0.5848,0.5425,0.4535,0.3372,0.0069,0.0018,vit_base_patch16_clip_224.laion2b_ft_in12k_in1k,EfficientNet_B5,dictatorial_weighteduncertainty,DuoWrapper,softmax_response,17.56,10.27,0.58485,ood_test
0.7637,0.7609964566844875,0.0003318748607475337,0.9682641657573878,0.06675968319177628,0.8484251919417413,0.0805306637698994,0.05009727628861344,0.7106,0.685,0.6546,0.6197,0.5757,0.5299,0.3936,0.0067,0.0066,0.0013,vit_base_patch16_clip_224.laion2b_ft_in12k_in1k,EfficientNet_B5,dictatorial_weighteduncertainty,DuoWrapper,entropy,17.56,10.27,0.58485,ood_test
0.7733,0.7707475233930485,0.0003318748607475337,0.9682641657573878,0.06675968319177628,0.8491076032227101,0.07420812888713847,0.04630310507736946,0.7181,0.6872,0.6569,0.6272,0.5848,0.5425,0.4535,0.3372,0.0069,0.0018,vit_base_patch16_clip_224.laion2b_ft_in12k_in1k,EfficientNet_B5,temperature_weighted,DuoWrapper,softmax_response,17.56,10.27,0.58485,ood_test
0.7733,0.7707475233930485,0.0003318748607475337,0.9682641657573878,0.06675968319177628,0.8399128820274318,0.07882195823943097,0.05091693442966196,0.7128,0.6858,0.6549,0.6193,0.5757,0.5299,0.3936,0.0067,0.0066,0.0013,vit_base_patch16_clip_224.laion2b_ft_in12k_in1k,EfficientNet_B5,temperature_weighted,DuoWrapper,entropy,17.56,10.27,0.58485,ood_test
0.7401,0.7374973456140014,0.0003714507589188097,1.1120811490416758,0.03262893483042717,0.8349013441451788,0.09121554991318746,0.0540504278353394,0.6292,0.5979,0.5601,0.5191,0.4745,0.4235,0.3412,0.2567,0.1667,0.0202,vit_base_patch16_clip_224.laion2b_ft_in12k_in1k,MNASNet0_5,logit_average,DuoWrapper,softmax_response,17.56,0.1,0.00569,ood_test
0.7401,0.7374973456140014,0.0003714507589188097,1.1120811490416758,0.03262893483042717,0.8041228998982543,0.10084357463367034,0.06367845255582227,0.5716,0.5371,0.5141,0.4763,0.4242,0.3694,0.2936,0.2125,0.0911,0.0113,vit_base_patch16_clip_224.laion2b_ft_in12k_in1k,MNASNet0_5,logit_average,DuoWrapper,entropy,17.56,0.1,0.00569,ood_test
0.7637,0.7609964566844875,0.0003714507589188097,1.1120811490416758,0.03262893483042717,0.8084335449324571,0.08783057497084523,0.05739718748955928,0.6303,0.5979,0.5589,0.5191,0.4735,0.4235,0.3412,0.2567,0.1667,0.0202,vit_base_patch16_clip_224.laion2b_ft_in12k_in1k,MNASNet0_5,dictatorial_avguncertainty,DuoWrapper,softmax_response,17.56,0.1,0.00569,ood_test
0.7637,0.7609964566844875,0.0003714507589188097,1.1120811490416758,0.03262893483042717,0.7793011737464737,0.09660392101756002,0.06617053353627406,0.5756,0.5368,0.5113,0.4763,0.4242,0.365,0.2937,0.2125,0.0911,0.0113,vit_base_patch16_clip_224.laion2b_ft_in12k_in1k,MNASNet0_5,dictatorial_avguncertainty,DuoWrapper,entropy,17.56,0.1,0.00569,ood_test
0.7637,0.7609964566844875,0.00034606291075752865,1.0197228075153322,0.07544714212417603,0.846561340149087,0.07916840095826985,0.0487350134769839,0.6986,0.6712,0.6421,0.6052,0.5653,0.5136,0.4283,0.2326,0.0409,0.0018,vit_base_patch16_clip_224.laion2b_ft_in12k_in1k,MNASNet0_5,dictatorial_weighteduncertainty,DuoWrapper,softmax_response,17.56,0.1,0.00569,ood_test
0.7637,0.7609964566844875,0.00034606291075752865,1.0197228075153322,0.07544714212417603,0.8369166392694408,0.08388560682802153,0.05345221934673557,0.6906,0.658,0.6321,0.5938,0.5439,0.4735,0.3797,0.0473,0.0311,0.0019,vit_base_patch16_clip_224.laion2b_ft_in12k_in1k,MNASNet0_5,dictatorial_weighteduncertainty,DuoWrapper,entropy,17.56,0.1,0.00569,ood_test
0.7635,0.7606366647634535,0.00034606291075752865,1.0197228075153322,0.07544714212417603,0.8469362053855132,0.0791607317620195,0.04867339204318827,0.6986,0.6712,0.6421,0.6052,0.5653,0.5136,0.4283,0.2326,0.0409,0.0018,vit_base_patch16_clip_224.laion2b_ft_in12k_in1k,MNASNet0_5,temperature_weighted,DuoWrapper,softmax_response,17.56,0.1,0.00569,ood_test
0.7635,0.7606366647634535,0.00034606291075752865,1.0197228075153322,0.07544714212417603,0.8371910266368163,0.08389944861896317,0.05341210890013194,0.6906,0.658,0.6321,0.5938,0.5439,0.4735,0.3797,0.0473,0.0311,0.0019,vit_base_patch16_clip_224.laion2b_ft_in12k_in1k,MNASNet0_5,temperature_weighted,DuoWrapper,entropy,17.56,0.1,0.00569,ood_test
0.7458,0.742434563550455,0.00036196876113731545,1.0665126381387573,0.03240319713950157,0.8369118308264544,0.08868737136271033,0.05321616947944402,0.6416,0.6091,0.5733,0.5397,0.4911,0.4254,0.3764,0.2474,0.1163,0.0016,vit_base_patch16_clip_224.laion2b_ft_in12k_in1k,MNASNet0_75,logit_average,DuoWrapper,softmax_response,17.56,0.21,0.01196,ood_test
0.7458,0.742434563550455,0.00036196876113731545,1.0665126381387573,0.03240319713950157,0.8069230175212504,0.09823132636733671,0.0627601244840704,0.5854,0.5461,0.5154,0.4822,0.4431,0.4086,0.3502,0.174,0.0367,0.0016,vit_base_patch16_clip_224.laion2b_ft_in12k_in1k,MNASNet0_75,logit_average,DuoWrapper,entropy,17.56,0.21,0.01196,ood_test
0.7637,0.7609964566844875,0.00036196876113731545,1.0665126381387573,0.03240319713950157,0.8172563013296239,0.0860912649458892,0.055657877464603246,0.6449,0.6091,0.5707,0.5375,0.4911,0.4254,0.3764,0.2474,0.1163,0.0016,vit_base_patch16_clip_224.laion2b_ft_in12k_in1k,MNASNet0_75,dictatorial_avguncertainty,DuoWrapper,softmax_response,17.56,0.21,0.01196,ood_test
0.7637,0.7609964566844875,0.00036196876113731545,1.0665126381387573,0.03240319713950157,0.7893336287228063,0.09480310861776375,0.06436972113647779,0.5869,0.5461,0.5135,0.4823,0.4431,0.4065,0.3502,0.174,0.0367,0.0016,vit_base_patch16_clip_224.laion2b_ft_in12k_in1k,MNASNet0_75,dictatorial_avguncertainty,DuoWrapper,entropy,17.56,0.21,0.01196,ood_test
0.7637,0.7609964566844875,0.0003459020068655975,1.0173568698853952,0.07770541310310364,0.8470345691574046,0.07959710903328082,0.04916372155199487,0.6985,0.6682,0.638,0.6087,0.5657,0.511,0.4368,0.2645,0.0053,0.0028,vit_base_patch16_clip_224.laion2b_ft_in12k_in1k,MNASNet0_75,dictatorial_weighteduncertainty,DuoWrapper,softmax_response,17.56,0.21,0.01196,ood_test
0.7637,0.7609964566844875,0.0003459020068655975,1.0173568698853952,0.07770541310310364,0.8375180667918969,0.08441440587955541,0.05398101839826946,0.6945,0.6607,0.6269,0.5921,0.5485,0.4746,0.3898,0.0043,0.0018,0.0018,vit_base_patch16_clip_224.laion2b_ft_in12k_in1k,MNASNet0_75,dictatorial_weighteduncertainty,DuoWrapper,entropy,17.56,0.21,0.01196,ood_test
0.7631,0.7600913119879475,0.0003459020068655975,1.0173568698853952,0.07770541310310364,0.8479745560296228,0.07961538434098356,0.04901998296240971,0.6985,0.6682,0.638,0.6087,0.5657,0.511,0.4368,0.2645,0.0053,0.0028,vit_base_patch16_clip_224.laion2b_ft_in12k_in1k,MNASNet0_75,temperature_weighted,DuoWrapper,softmax_response,17.56,0.21,0.01196,ood_test
0.7631,0.7600913119879475,0.0003459020068655975,1.0173568698853952,0.07770541310310364,0.8383908884242194,0.08444447360212394,0.05384907222355009,0.6946,0.6607,0.6269,0.5921,0.5485,0.4746,0.3898,0.0043,0.0018,0.0018,vit_base_patch16_clip_224.laion2b_ft_in12k_in1k,MNASNet0_75,temperature_weighted,DuoWrapper,entropy,17.56,0.21,0.01196,ood_test
0.7504,0.7476968372538119,0.0003573933122445558,1.0446091675951157,0.04035390168428421,0.8405219940390767,0.0834616072915531,0.04932564829684624,0.6586,0.6294,0.5989,0.5645,0.509,0.4645,0.4028,0.3037,0.2328,0.0264,vit_base_patch16_clip_224.laion2b_ft_in12k_in1k,MNASNet1_0,logit_average,DuoWrapper,softmax_response,17.56,0.31,0.01765,ood_test
0.7504,0.7476968372538119,0.0003573933122445558,1.0446091675951157,0.04035390168428421,0.8171169553588513,0.09011431165539109,0.05597835266068424,0.6162,0.5798,0.5598,0.5248,0.4822,0.4447,0.3736,0.2826,0.2134,0.0214,vit_base_patch16_clip_224.laion2b_ft_in12k_in1k,MNASNet1_0,logit_average,DuoWrapper,entropy,17.56,0.31,0.01765,ood_test
0.7637,0.7609964566844875,0.0003573933122445558,1.0446091675951157,0.04035390168428421,0.8254463494344055,0.08169543269220633,0.05126204521092038,0.6598,0.6319,0.5989,0.5654,0.509,0.4645,0.4028,0.3037,0.2328,0.0264,vit_base_patch16_clip_224.laion2b_ft_in12k_in1k,MNASNet1_0,dictatorial_avguncertainty,DuoWrapper,softmax_response,17.56,0.31,0.01765,ood_test
0.7637,0.7609964566844875,0.0003573933122445558,1.0446091675951157,0.04035390168428421,0.8040898678510766,0.08766324357330559,0.05722985609201963,0.6172,0.5828,0.5596,0.5286,0.4839,0.4447,0.3736,0.2826,0.2134,0.0214,vit_base_patch16_clip_224.laion2b_ft_in12k_in1k,MNASNet1_0,dictatorial_avguncertainty,DuoWrapper,entropy,17.56,0.31,0.01765,ood_test
0.7637,0.7609964566844875,0.0003450065551622489,1.0077502102313916,0.0757751390337944,0.8501187865765434,0.07580434703988694,0.04537095955860098,0.6978,0.6668,0.6406,0.6134,0.5653,0.5167,0.4584,0.3323,0.2263,0.0223,vit_base_patch16_clip_224.laion2b_ft_in12k_in1k,MNASNet1_0,dictatorial_weighteduncertainty,DuoWrapper,softmax_response,17.56,0.31,0.01765,ood_test
0.7637,0.7609964566844875,0.0003450065551622489,1.0077502102313916,0.0757751390337944,0.841732935813578,0.07916644203322752,0.04873305455194157,0.6947,0.6653,0.6341,0.5977,0.5519,0.4887,0.4108,0.2904,0.1305,0.0112,vit_base_patch16_clip_224.laion2b_ft_in12k_in1k,MNASNet1_0,dictatorial_weighteduncertainty,DuoWrapper,entropy,17.56,0.31,0.01765,ood_test
0.7641,0.7614531787217701,0.0003450065551622489,1.0077502102313916,0.0757751390337944,0.8498331689238778,0.07572431533101694,0.04539867520877014,0.6978,0.6668,0.6406,0.6134,0.5653,0.5167,0.4584,0.3323,0.2263,0.0223,vit_base_patch16_clip_224.laion2b_ft_in12k_in1k,MNASNet1_0,temperature_weighted,DuoWrapper,softmax_response,17.56,0.31,0.01765,ood_test
0.7641,0.7614531787217701,0.0003450065551622489,1.0077502102313916,0.0757751390337944,0.8417624871158965,0.0790155798349556,0.048689939712708796,0.6947,0.6653,0.6341,0.5977,0.5519,0.4887,0.4108,0.2904,0.1305,0.0112,vit_base_patch16_clip_224.laion2b_ft_in12k_in1k,MNASNet1_0,temperature_weighted,DuoWrapper,entropy,17.56,0.31,0.01765,ood_test
0.7516,0.7487234749619247,0.00035525838101567756,1.0432564162434494,0.04435952752828598,0.8412146144049968,0.08509533084461454,0.051303051527455616,0.6687,0.638,0.6051,0.5676,0.5192,0.4614,0.379,0.2516,0.0628,0.0006,vit_base_patch16_clip_224.laion2b_ft_in12k_in1k,MNASNet1_3,logit_average,DuoWrapper,softmax_response,17.56,0.53,0.03018,ood_test
0.7516,0.7487234749619247,0.00035525838101567756,1.0432564162434494,0.04435952752828598,0.8194420341275168,0.0923653165015174,0.058573037184358474,0.6283,0.5917,0.5606,0.5248,0.4856,0.4323,0.2933,0.1486,0.0588,0.0007,vit_base_patch16_clip_224.laion2b_ft_in12k_in1k,MNASNet1_3,logit_average,DuoWrapper,entropy,17.56,0.53,0.03018,ood_test
0.7637,0.7609964566844875,0.00035525838101567756,1.0432564162434494,0.04435952752828598,0.8287761860080368,0.08314778877943652,0.05271440129815056,0.6698,0.6423,0.6089,0.572,0.5258,0.4614,0.3801,0.2516,0.0628,0.0006,vit_base_patch16_clip_224.laion2b_ft_in12k_in1k,MNASNet1_3,dictatorial_avguncertainty,DuoWrapper,softmax_response,17.56,0.53,0.03018,ood_test
0.7637,0.7609964566844875,0.00035525838101567756,1.0432564162434494,0.04435952752828598,0.807960953176317,0.090056103998222,0.05962271651693605,0.6303,0.5958,0.5617,0.5262,0.486,0.4323,0.2933,0.1486,0.0588,0.0007,vit_base_patch16_clip_224.laion2b_ft_in12k_in1k,MNASNet1_3,dictatorial_avguncertainty,DuoWrapper,entropy,17.56,0.53,0.03018,ood_test
0.7637,0.7609964566844875,0.0003451315961144258,1.0175707695443177,0.07900458574295044,0.8485296458856146,0.07955720800534344,0.049123820524057484,0.6951,0.6704,0.6438,0.6075,0.5681,0.5228,0.4426,0.209,0.0068,0.0028,vit_base_patch16_clip_224.laion2b_ft_in12k_in1k,MNASNet1_3,dictatorial_weighteduncertainty,DuoWrapper,softmax_response,17.56,0.53,0.03018,ood_test
0.7637,0.7609964566844875,0.0003451315961144258,1.0175707695443177,0.07900458574295044,0.8389530201624926,0.0844263572154734,0.05399296973418744,0.6944,0.668,0.6348,0.5929,0.5574,0.4968,0.338,0.0049,0.0025,0.0025,vit_base_patch16_clip_224.laion2b_ft_in12k_in1k,MNASNet1_3,dictatorial_weighteduncertainty,DuoWrapper,entropy,17.56,0.53,0.03018,ood_test
0.7634,0.760218365190128,0.0003451315961144258,1.0175707695443177,0.07900458574295044,0.8489874678635486,0.07956985178487719,0.04905551630176551,0.6951,0.6704,0.6438,0.6075,0.5681,0.5228,0.4426,0.209,0.0068,0.0028,vit_base_patch16_clip_224.laion2b_ft_in12k_in1k,MNASNet1_3,temperature_weighted,DuoWrapper,softmax_response,17.56,0.53,0.03018,ood_test
0.7634,0.760218365190128,0.0003451315961144258,1.0175707695443177,0.07900458574295044,0.8393860628398425,0.0844408865264244,0.05392655104331272,0.6944,0.668,0.6348,0.5929,0.5574,0.4968,0.338,0.0049,0.0025,0.0025,vit_base_patch16_clip_224.laion2b_ft_in12k_in1k,MNASNet1_3,temperature_weighted,DuoWrapper,entropy,17.56,0.53,0.03018,ood_test
0.7667,0.7634453306733026,0.0003399676995109216,1.0161341472453358,0.05955939739942551,0.8464477578296462,0.07838172565953887,0.04875134421706641,0.7116,0.678,0.6502,0.6193,0.5662,0.5133,0.4431,0.3006,0.0015,0.0015,vit_base_patch16_clip_224.laion2b_ft_in12k_in1k,RegNet_X_16GF,logit_average,DuoWrapper,softmax_response,17.56,15.94,0.90774,ood_test
0.7667,0.7634453306733026,0.0003399676995109216,1.0161341472453358,0.05955939739942551,0.8354848080274115,0.08337251582107412,0.05374213437860166,0.6965,0.6685,0.6414,0.6076,0.5426,0.5009,0.4027,0.0011,0.0011,0.0011,vit_base_patch16_clip_224.laion2b_ft_in12k_in1k,RegNet_X_16GF,logit_average,DuoWrapper,entropy,17.56,15.94,0.90774,ood_test
0.7637,0.7609964566844875,0.0003399676995109216,1.0161341472453358,0.05955939739942551,0.8475145308735104,0.07927977363729187,0.048846386156005915,0.7078,0.6778,0.6482,0.6153,0.5655,0.5133,0.4339,0.3006,0.0015,0.0015,vit_base_patch16_clip_224.laion2b_ft_in12k_in1k,RegNet_X_16GF,dictatorial_avguncertainty,DuoWrapper,softmax_response,17.56,15.94,0.90774,ood_test
0.7637,0.7609964566844875,0.0003399676995109216,1.0161341472453358,0.05955939739942551,0.8370736526646478,0.08429782760189439,0.05386444012060843,0.6962,0.6667,0.6396,0.6019,0.5425,0.4988,0.3955,0.0011,0.0011,0.0011,vit_base_patch16_clip_224.laion2b_ft_in12k_in1k,RegNet_X_16GF,dictatorial_avguncertainty,DuoWrapper,entropy,17.56,15.94,0.90774,ood_test
0.7637,0.7609964566844875,0.0003426542149288498,1.0166783174283425,0.0790141299366951,0.8509047955775364,0.0805562073455589,0.05012281986427295,0.7046,0.6767,0.6521,0.6149,0.5809,0.5221,0.4484,0.0009,0.0009,0.0009,vit_base_patch16_clip_224.laion2b_ft_in12k_in1k,RegNet_X_16GF,dictatorial_weighteduncertainty,DuoWrapper,softmax_response,17.56,15.94,0.90774,ood_test
0.7637,0.7609964566844875,0.0003426542149288498,1.0166783174283425,0.0790141299366951,0.8408854458307666,0.08584554735478007,0.05541215987349412,0.7071,0.6787,0.6515,0.6116,0.5608,0.4888,0.1948,0.001,0.001,0.001,vit_base_patch16_clip_224.laion2b_ft_in12k_in1k,RegNet_X_16GF,dictatorial_weighteduncertainty,DuoWrapper,entropy,17.56,15.94,0.90774,ood_test
0.7662,0.7632623864913275,0.0003426542149288498,1.0166783174283425,0.0790141299366951,0.8477546808162397,0.08032246888686297,0.050559069529465386,0.7046,0.6767,0.6521,0.6149,0.5809,0.5221,0.4484,0.0009,0.0009,0.0009,vit_base_patch16_clip_224.laion2b_ft_in12k_in1k,RegNet_X_16GF,temperature_weighted,DuoWrapper,softmax_response,17.56,15.94,0.90774,ood_test
0.7662,0.7632623864913275,0.0003426542149288498,1.0166783174283425,0.0790141299366951,0.838701721738311,0.08538911571223554,0.055625716354837956,0.7073,0.6787,0.6515,0.6116,0.5608,0.4888,0.1948,0.001,0.001,0.001,vit_base_patch16_clip_224.laion2b_ft_in12k_in1k,RegNet_X_16GF,temperature_weighted,DuoWrapper,entropy,17.56,15.94,0.90774,ood_test
0.7593,0.7568956054061641,0.000350653010612314,1.037565961081864,0.05411747097969055,0.8384886293768379,0.08413736263544105,0.052504902574100315,0.6733,0.6435,0.6109,0.5747,0.5239,0.4801,0.3953,0.2268,0.0028,0.0028,vit_base_patch16_clip_224.laion2b_ft_in12k_in1k,RegNet_X_1_6GF,logit_average,DuoWrapper,softmax_response,17.56,1.6,0.09112,ood_test
0.7593,0.7568956054061641,0.000350653010612314,1.037565961081864,0.05411747097969055,0.8212358145233696,0.09037604623277638,0.058743586171435644,0.6482,0.6152,0.5866,0.5376,0.4921,0.4413,0.3377,0.0025,0.0025,0.0025,vit_base_patch16_clip_224.laion2b_ft_in12k_in1k,RegNet_X_1_6GF,logit_average,DuoWrapper,entropy,17.56,1.6,0.09112,ood_test
0.7637,0.7609964566844875,0.000350653010612314,1.037565961081864,0.05411747097969055,0.8325273848040624,0.08371912458710974,0.05328573710582379,0.6758,0.6471,0.6119,0.5752,0.5245,0.4808,0.3953,0.2268,0.0028,0.0028,vit_base_patch16_clip_224.laion2b_ft_in12k_in1k,RegNet_X_1_6GF,dictatorial_avguncertainty,DuoWrapper,softmax_response,17.56,1.6,0.09112,ood_test
0.7637,0.7609964566844875,0.000350653010612314,1.037565961081864,0.05411747097969055,0.8154405205164447,0.08984992599898342,0.059416538517697466,0.6516,0.6184,0.588,0.5486,0.4942,0.443,0.3377,0.0025,0.0025,0.0025,vit_base_patch16_clip_224.laion2b_ft_in12k_in1k,RegNet_X_1_6GF,dictatorial_avguncertainty,DuoWrapper,entropy,17.56,1.6,0.09112,ood_test
0.7637,0.7609964566844875,0.00034441567256881427,1.0195384423884206,0.0783863216638565,0.8479110956742159,0.08149564760290375,0.05106226012161779,0.6972,0.6693,0.642,0.6123,0.5722,0.5203,0.442,0.0246,0.0014,0.0014,vit_base_patch16_clip_224.laion2b_ft_in12k_in1k,RegNet_X_1_6GF,dictatorial_weighteduncertainty,DuoWrapper,softmax_response,17.56,1.6,0.09112,ood_test
0.7637,0.7609964566844875,0.00034441567256881427,1.0195384423884206,0.0783863216638565,0.8376764655179245,0.08685199882619858,0.05641861134491263,0.6973,0.668,0.6352,0.6022,0.5555,0.4828,0.4022,0.0106,0.0015,0.0015,vit_base_patch16_clip_224.laion2b_ft_in12k_in1k,RegNet_X_1_6GF,dictatorial_weighteduncertainty,DuoWrapper,entropy,17.56,1.6,0.09112,ood_test
0.765,0.7621916527858806,0.00034441567256881427,1.0195384423884206,0.0783863216638565,0.8463313864552913,0.08136066454988074,0.05127669054574028,0.6972,0.6693,0.642,0.6123,0.5722,0.5203,0.442,0.0246,0.0014,0.0014,vit_base_patch16_clip_224.laion2b_ft_in12k_in1k,RegNet_X_1_6GF,temperature_weighted,DuoWrapper,softmax_response,17.56,1.6,0.09112,ood_test
0.765,0.7621916527858806,0.00034441567256881427,1.0195384423884206,0.0783863216638565,0.8367628980670283,0.0865660008103001,0.05648202680615964,0.6963,0.668,0.6352,0.6022,0.5555,0.4828,0.4022,0.0106,0.0015,0.0015,vit_base_patch16_clip_224.laion2b_ft_in12k_in1k,RegNet_X_1_6GF,temperature_weighted,DuoWrapper,entropy,17.56,1.6,0.09112,ood_test
0.7612,0.7586927963237425,0.00034754228192615045,1.0305861706395305,0.059764981269836426,0.8439236491619069,0.0810195206901665,0.049907961228576395,0.6894,0.6621,0.6268,0.5905,0.548,0.4965,0.4296,0.3114,0.0107,0.007,vit_base_patch16_clip_224.laion2b_ft_in12k_in1k,RegNet_X_3_2GF,logit_average,DuoWrapper,softmax_response,17.56,3.18,0.18109,ood_test
0.7612,0.7586927963237425,0.00034754228192615045,1.0305861706395305,0.059764981269836426,0.8303491148596371,0.08645185318555963,0.05534029372396952,0.6718,0.6391,0.6102,0.5731,0.5284,0.4703,0.393,0.0084,0.0055,0.0049,vit_base_patch16_clip_224.laion2b_ft_in12k_in1k,RegNet_X_3_2GF,logit_average,DuoWrapper,entropy,17.56,3.18,0.18109,ood_test
0.7637,0.7609964566844875,0.00034754228192615045,1.0305861706395305,0.059764981269836426,0.8391019709323237,0.08112813573130301,0.050694748250017053,0.6874,0.6603,0.6276,0.5916,0.5517,0.4965,0.4302,0.3114,0.0107,0.007,vit_base_patch16_clip_224.laion2b_ft_in12k_in1k,RegNet_X_3_2GF,dictatorial_avguncertainty,DuoWrapper,softmax_response,17.56,3.18,0.18109,ood_test
0.7637,0.7609964566844875,0.00034754228192615045,1.0305861706395305,0.059764981269836426,0.8259777069239554,0.08639518453108024,0.05596179704979428,0.6713,0.6395,0.6128,0.5731,0.5284,0.4728,0.3936,0.0084,0.0055,0.0049,vit_base_patch16_clip_224.laion2b_ft_in12k_in1k,RegNet_X_3_2GF,dictatorial_avguncertainty,DuoWrapper,entropy,17.56,3.18,0.18109,ood_test
0.7637,0.7609964566844875,0.00034345661738760514,1.0181541622241463,0.07915905117988586,0.8497187030355535,0.08112099858310419,0.050687611101818235,0.7003,0.6767,0.6466,0.613,0.574,0.5129,0.4479,0.0122,0.001,0.001,vit_base_patch16_clip_224.laion2b_ft_in12k_in1k,RegNet_X_3_2GF,dictatorial_weighteduncertainty,DuoWrapper,softmax_response,17.56,3.18,0.18109,ood_test
0.7637,0.7609964566844875,0.00034345661738760514,1.0181541622241463,0.07915905117988586,0.8393591991590932,0.08639500301576464,0.05596161553447868,0.7014,0.6737,0.6434,0.6078,0.5574,0.4786,0.3908,0.0068,0.0011,0.0011,vit_base_patch16_clip_224.laion2b_ft_in12k_in1k,RegNet_X_3_2GF,dictatorial_weighteduncertainty,DuoWrapper,entropy,17.56,3.18,0.18109,ood_test
0.7656,0.7629210701157961,0.00034345661738760514,1.0181541622241463,0.07915905117988586,0.8472027560529385,0.08096794315513657,0.051044491584108814,0.7003,0.6767,0.6466,0.613,0.574,0.5129,0.4479,0.0122,0.001,0.001,vit_base_patch16_clip_224.laion2b_ft_in12k_in1k,RegNet_X_3_2GF,temperature_weighted,DuoWrapper,softmax_response,17.56,3.18,0.18109,ood_test
0.7656,0.7629210701157961,0.00034345661738760514,1.0181541622241463,0.07915905117988586,0.8377682207802397,0.08602465863309296,0.0561012070620652,0.7014,0.6737,0.6434,0.6078,0.5574,0.4786,0.3908,0.0068,0.0011,0.0011,vit_base_patch16_clip_224.laion2b_ft_in12k_in1k,RegNet_X_3_2GF,temperature_weighted,DuoWrapper,entropy,17.56,3.18,0.18109,ood_test
0.7458,0.7431318004463561,0.0003610492024461849,1.0711858282147766,0.03999265283346176,0.8425938995590095,0.08696805279615712,0.0514968509128908,0.6572,0.6246,0.5971,0.5565,0.5039,0.459,0.4084,0.2568,0.0567,0.0029,vit_base_patch16_clip_224.laion2b_ft_in12k_in1k,RegNet_X_400MF,logit_average,DuoWrapper,softmax_response,17.56,0.41,0.02335,ood_test
0.7458,0.7431318004463561,0.0003610492024461849,1.0711858282147766,0.03999265283346176,0.8215863015947265,0.09434449449375086,0.058873292610484546,0.6168,0.5884,0.5582,0.5258,0.4868,0.4465,0.3629,0.1547,0.0253,0.0021,vit_base_patch16_clip_224.laion2b_ft_in12k_in1k,RegNet_X_400MF,logit_average,DuoWrapper,entropy,17.56,0.41,0.02335,ood_test
0.7637,0.7609964566844875,0.0003610492024461849,1.0711858282147766,0.03999265283346176,0.8229008594647824,0.0844099918686494,0.05397660438736345,0.6584,0.627,0.5971,0.5562,0.504,0.4632,0.4084,0.2568,0.0567,0.0029,vit_base_patch16_clip_224.laion2b_ft_in12k_in1k,RegNet_X_400MF,dictatorial_avguncertainty,DuoWrapper,softmax_response,17.56,0.41,0.02335,ood_test
0.7637,0.7609964566844875,0.0003610492024461849,1.0711858282147766,0.03999265283346176,0.8036986781339549,0.09113395016776507,0.060700562686479116,0.6194,0.5884,0.5576,0.5258,0.4885,0.4502,0.3629,0.1547,0.0253,0.0021,vit_base_patch16_clip_224.laion2b_ft_in12k_in1k,RegNet_X_400MF,dictatorial_avguncertainty,DuoWrapper,entropy,17.56,0.41,0.02335,ood_test
0.7637,0.7609964566844875,0.0003457824997958538,1.02216831336982,0.0782565027475357,0.8472742590959852,0.07988587393235157,0.04945248645106561,0.6966,0.6694,0.6366,0.6087,0.5707,0.5193,0.434,0.2075,0.0006,0.0006,vit_base_patch16_clip_224.laion2b_ft_in12k_in1k,RegNet_X_400MF,dictatorial_weighteduncertainty,DuoWrapper,softmax_response,17.56,0.41,0.02335,ood_test
0.7637,0.7609964566844875,0.0003457824997958538,1.02216831336982,0.0782565027475357,0.8376543556380276,0.08497531387547141,0.05454192639418546,0.6959,0.6601,0.6346,0.5989,0.5534,0.4882,0.3886,0.0259,0.0009,0.0009,vit_base_patch16_clip_224.laion2b_ft_in12k_in1k,RegNet_X_400MF,dictatorial_weighteduncertainty,DuoWrapper,entropy,17.56,0.41,0.02335,ood_test
0.7631,0.7604841095150564,0.0003457824997958538,1.02216831336982,0.0782565027475357,0.8481384030469572,0.07992118148409504,0.04932578010552119,0.6966,0.6694,0.6366,0.6087,0.5707,0.5193,0.434,0.2075,0.0006,0.0006,vit_base_patch16_clip_224.laion2b_ft_in12k_in1k,RegNet_X_400MF,temperature_weighted,DuoWrapper,softmax_response,17.56,0.41,0.02335,ood_test
0.7631,0.7604841095150564,0.0003457824997958538,1.02216831336982,0.0782565027475357,0.8383956179718162,0.08503703489332914,0.0544416335147553,0.6959,0.6601,0.6346,0.5989,0.5534,0.4882,0.3886,0.0259,0.0009,0.0009,vit_base_patch16_clip_224.laion2b_ft_in12k_in1k,RegNet_X_400MF,temperature_weighted,DuoWrapper,entropy,17.56,0.41,0.02335,ood_test
0.7521,0.7497415473957626,0.00035723966102470576,1.0628721293963828,0.053398195654153824,0.8436521882872102,0.08520138239952395,0.05155173731193191,0.6723,0.6378,0.6081,0.5716,0.5227,0.4727,0.4109,0.3434,0.0073,0.0041,vit_base_patch16_clip_224.laion2b_ft_in12k_in1k,RegNet_X_800MF,logit_average,DuoWrapper,softmax_response,17.56,0.8,0.04556,ood_test
0.7521,0.7497415473957626,0.00035723966102470576,1.0628721293963828,0.053398195654153824,0.8280779395211224,0.09074393156127185,0.05709428647367981,0.6463,0.617,0.5819,0.5409,0.4968,0.4385,0.3738,0.023,0.0063,0.0039,vit_base_patch16_clip_224.laion2b_ft_in12k_in1k,RegNet_X_800MF,logit_average,DuoWrapper,entropy,17.56,0.8,0.04556,ood_test
0.7637,0.7609964566844875,0.00035723966102470576,1.0628721293963828,0.053398195654153824,0.8289047170015722,0.08389981671183581,0.05346642923054986,0.6732,0.6414,0.6118,0.5726,0.5237,0.4741,0.4127,0.3474,0.0073,0.0041,vit_base_patch16_clip_224.laion2b_ft_in12k_in1k,RegNet_X_800MF,dictatorial_avguncertainty,DuoWrapper,softmax_response,17.56,0.8,0.04556,ood_test
0.7637,0.7609964566844875,0.00035723966102470576,1.0628721293963828,0.053398195654153824,0.8123903545288764,0.08948028934744545,0.0590469018661595,0.6464,0.6203,0.5852,0.5453,0.5008,0.4407,0.3888,0.023,0.0063,0.0039,vit_base_patch16_clip_224.laion2b_ft_in12k_in1k,RegNet_X_800MF,dictatorial_avguncertainty,DuoWrapper,entropy,17.56,0.8,0.04556,ood_test
0.7637,0.7609964566844875,0.000344979918588259,1.0216118723814285,0.07898476719856262,0.8476636201764235,0.08081055074267561,0.050377163261389656,0.7004,0.6714,0.6473,0.6005,0.572,0.5201,0.4419,0.0115,0.0104,0.0017,vit_base_patch16_clip_224.laion2b_ft_in12k_in1k,RegNet_X_800MF,dictatorial_weighteduncertainty,DuoWrapper,softmax_response,17.56,0.8,0.04556,ood_test
0.7637,0.7609964566844875,0.000344979918588259,1.0216118723814285,0.07898476719856262,0.8375730644254747,0.08588885332483413,0.05545546584354818,0.7019,0.6675,0.6338,0.6006,0.5544,0.4816,0.3705,0.011,0.0015,0.0015,vit_base_patch16_clip_224.laion2b_ft_in12k_in1k,RegNet_X_800MF,dictatorial_weighteduncertainty,DuoWrapper,entropy,17.56,0.8,0.04556,ood_test
0.7638,0.7609619168183059,0.000344979918588259,1.0216118723814285,0.07898476719856262,0.8476716810350848,0.08077612649248311,0.050369695487892024,0.7004,0.6714,0.6473,0.6005,0.572,0.5201,0.4419,0.0115,0.0104,0.0017,vit_base_patch16_clip_224.laion2b_ft_in12k_in1k,RegNet_X_800MF,temperature_weighted,DuoWrapper,softmax_response,17.56,0.8,0.04556,ood_test
0.7638,0.7609619168183059,0.000344979918588259,1.0216118723814285,0.07898476719856262,0.8378194038054303,0.08579729429328023,0.05539086328868914,0.7019,0.6675,0.6338,0.6006,0.5544,0.4816,0.3705,0.011,0.0015,0.0015,vit_base_patch16_clip_224.laion2b_ft_in12k_in1k,RegNet_X_800MF,temperature_weighted,DuoWrapper,entropy,17.56,0.8,0.04556,ood_test
0.7622,0.759327939707184,0.0003459095245011575,1.0334303475556659,0.06063605844974518,0.8436242283911453,0.08273784266829189,0.05189853577785146,0.6944,0.6684,0.6392,0.5975,0.5522,0.4973,0.4308,0.0057,0.0057,0.0056,vit_base_patch16_clip_224.laion2b_ft_in12k_in1k,RegNet_X_8GF,logit_average,DuoWrapper,softmax_response,17.56,8.0,0.45558,ood_test
0.7622,0.759327939707184,0.0003459095245011575,1.0334303475556659,0.06063605844974518,0.8331542816057012,0.0873180176401842,0.05647871074974377,0.6838,0.6536,0.6238,0.5835,0.5357,0.4801,0.3521,0.0056,0.0056,0.0047,vit_base_patch16_clip_224.laion2b_ft_in12k_in1k,RegNet_X_8GF,logit_average,DuoWrapper,entropy,17.56,8.0,0.45558,ood_test
0.7637,0.7609964566844875,0.0003459095245011575,1.0334303475556659,0.06063605844974518,0.8391164337860909,0.0831961793515767,0.05276279187029074,0.6931,0.6649,0.6344,0.5966,0.5502,0.4963,0.429,0.0057,0.0057,0.0056,vit_base_patch16_clip_224.laion2b_ft_in12k_in1k,RegNet_X_8GF,dictatorial_avguncertainty,DuoWrapper,softmax_response,17.56,8.0,0.45558,ood_test
0.7637,0.7609964566844875,0.0003459095245011575,1.0334303475556659,0.06063605844974518,0.8277721259358811,0.08798490816339352,0.05755152068210757,0.6819,0.6517,0.6229,0.5794,0.5343,0.4793,0.3521,0.0056,0.0056,0.0047,vit_base_patch16_clip_224.laion2b_ft_in12k_in1k,RegNet_X_8GF,dictatorial_avguncertainty,DuoWrapper,entropy,17.56,8.0,0.45558,ood_test
0.7637,0.7609964566844875,0.00034324404179183094,1.0189873613976286,0.07721270620822906,0.848950952694776,0.08144802094653196,0.051014633465246005,0.7013,0.6752,0.6456,0.6107,0.5822,0.5122,0.4439,0.0006,0.0006,0.0006,vit_base_patch16_clip_224.laion2b_ft_in12k_in1k,RegNet_X_8GF,dictatorial_weighteduncertainty,DuoWrapper,softmax_response,17.56,8.0,0.45558,ood_test
0.7637,0.7609964566844875,0.00034324404179183094,1.0189873613976286,0.07721270620822906,0.838957480927735,0.08669792968262884,0.05626454220134288,0.7012,0.6781,0.6444,0.6086,0.556,0.4744,0.2482,0.0008,0.0008,0.0008,vit_base_patch16_clip_224.laion2b_ft_in12k_in1k,RegNet_X_8GF,dictatorial_weighteduncertainty,DuoWrapper,entropy,17.56,8.0,0.45558,ood_test
0.7665,0.7638542185975807,0.00034324404179183094,1.0189873613976286,0.07721270620822906,0.8453322270505692,0.08119800407158088,0.05151445460378436,0.7013,0.6752,0.6456,0.6107,0.5822,0.5122,0.4439,0.0006,0.0006,0.0006,vit_base_patch16_clip_224.laion2b_ft_in12k_in1k,RegNet_X_8GF,temperature_weighted,DuoWrapper,softmax_response,17.56,8.0,0.45558,ood_test
0.7665,0.7638542185975807,0.00034324404179183094,1.0189873613976286,0.07721270620822906,0.8365389273247651,0.08616471692662124,0.05648116745882471,0.7012,0.6781,0.6444,0.6086,0.556,0.4744,0.2482,0.0008,0.0008,0.0008,vit_base_patch16_clip_224.laion2b_ft_in12k_in1k,RegNet_X_8GF,temperature_weighted,DuoWrapper,entropy,17.56,8.0,0.45558,ood_test
0.7665,0.7638940802332622,0.00034119633235211934,1.0184610398260663,0.06543713063001633,0.8423396483641123,0.08315301332773452,0.05346946385993799,0.7057,0.6819,0.647,0.6089,0.5534,0.4963,0.3865,0.0008,0.0008,0.0008,vit_base_patch16_clip_224.laion2b_ft_in12k_in1k,ResNeXt101_32X8D,logit_average,DuoWrapper,softmax_response,17.56,16.41,0.93451,ood_test
0.7665,0.7638940802332622,0.00034119633235211934,1.0184610398260663,0.06543713063001633,0.8286355706226053,0.08960272280856706,0.05991917334077053,0.6941,0.6643,0.6378,0.5834,0.5213,0.4312,0.1854,0.0008,0.0008,0.0008,vit_base_patch16_clip_224.laion2b_ft_in12k_in1k,ResNeXt101_32X8D,logit_average,DuoWrapper,entropy,17.56,16.41,0.93451,ood_test
0.7637,0.7609964566844875,0.00034119633235211934,1.0184610398260663,0.06543713063001633,0.8425431049840824,0.08435822889095812,0.053924841409672165,0.7038,0.6798,0.6452,0.6087,0.5518,0.4954,0.3861,0.0008,0.0008,0.0008,vit_base_patch16_clip_224.laion2b_ft_in12k_in1k,ResNeXt101_32X8D,dictatorial_avguncertainty,DuoWrapper,softmax_response,17.56,16.41,0.93451,ood_test
0.7637,0.7609964566844875,0.00034119633235211934,1.0184610398260663,0.06543713063001633,0.8291121287320327,0.09086792856537836,0.0604345410840924,0.6926,0.6639,0.6341,0.5874,0.5213,0.4309,0.0008,0.0008,0.0008,0.0008,vit_base_patch16_clip_224.laion2b_ft_in12k_in1k,ResNeXt101_32X8D,dictatorial_avguncertainty,DuoWrapper,entropy,17.56,16.41,0.93451,ood_test
0.7637,0.7609964566844875,0.00033721497961114726,0.9992003008326469,0.06805962324142456,0.8516980637120295,0.08114259038044735,0.0507092028991614,0.7112,0.6823,0.6544,0.6161,0.5743,0.515,0.4387,0.001,0.001,0.001,vit_base_patch16_clip_224.laion2b_ft_in12k_in1k,ResNeXt101_32X8D,dictatorial_weighteduncertainty,DuoWrapper,softmax_response,17.56,16.41,0.93451,ood_test
0.7637,0.7609964566844875,0.00033721497961114726,0.9992003008326469,0.06805962324142456,0.8395232223282524,0.08691435725541256,0.05648096977412661,0.7034,0.6806,0.6458,0.5986,0.5555,0.4894,0.2479,0.001,0.001,0.001,vit_base_patch16_clip_224.laion2b_ft_in12k_in1k,ResNeXt101_32X8D,dictatorial_weighteduncertainty,DuoWrapper,entropy,17.56,16.41,0.93451,ood_test
0.7719,0.7693673478914795,0.00033721497961114726,0.9992003008326469,0.06805962324142456,0.8422146960655905,0.08016611026604852,0.05189982490760893,0.7139,0.6829,0.6549,0.618,0.5749,0.515,0.4387,0.001,0.001,0.001,vit_base_patch16_clip_224.laion2b_ft_in12k_in1k,ResNeXt101_32X8D,temperature_weighted,DuoWrapper,softmax_response,17.56,16.41,0.93451,ood_test
0.7719,0.7693673478914795,0.00033721497961114726,0.9992003008326469,0.06805962324142456,0.8312178725792565,0.08562097197750106,0.05735468661906147,0.7043,0.6809,0.6458,0.6008,0.5556,0.4894,0.2479,0.001,0.001,0.001,vit_base_patch16_clip_224.laion2b_ft_in12k_in1k,ResNeXt101_32X8D,temperature_weighted,DuoWrapper,entropy,17.56,16.41,0.93451,ood_test
0.7661,0.7634289118118589,0.00034092567189297383,1.0043551330448839,0.06440558284521103,0.8435242681836495,0.08259579397999263,0.05280575189215357,0.7067,0.6763,0.641,0.6045,0.5662,0.5289,0.4028,0.0005,0.0005,0.0005,vit_base_patch16_clip_224.laion2b_ft_in12k_in1k,ResNeXt101_64X4D,logit_average,DuoWrapper,softmax_response,17.56,15.46,0.88041,ood_test
0.7661,0.7634289118118589,0.00034092567189297383,1.0043551330448839,0.06440558284521103,0.8292805115709352,0.08896443815561299,0.05917439606777393,0.6917,0.662,0.6274,0.5879,0.544,0.4544,0.0005,0.0005,0.0005,0.0005,vit_base_patch16_clip_224.laion2b_ft_in12k_in1k,ResNeXt101_64X4D,logit_average,DuoWrapper,entropy,17.56,15.46,0.88041,ood_test
0.7637,0.7609964566844875,0.00034092567189297383,1.0043551330448839,0.06440558284521103,0.8444075109090645,0.08387387182279751,0.05344048434151156,0.7055,0.676,0.6427,0.605,0.5662,0.5281,0.4022,0.0005,0.0005,0.0005,vit_base_patch16_clip_224.laion2b_ft_in12k_in1k,ResNeXt101_64X4D,dictatorial_avguncertainty,DuoWrapper,softmax_response,17.56,15.46,0.88041,ood_test
0.7637,0.7609964566844875,0.00034092567189297383,1.0043551330448839,0.06440558284521103,0.8312322390198817,0.09008860951124914,0.059655222029963186,0.6893,0.662,0.6281,0.5897,0.544,0.4482,0.0004,0.0004,0.0004,0.0004,vit_base_patch16_clip_224.laion2b_ft_in12k_in1k,ResNeXt101_64X4D,dictatorial_avguncertainty,DuoWrapper,entropy,17.56,15.46,0.88041,ood_test
0.7637,0.7609964566844875,0.0003377303487861677,0.9910537810134586,0.0707155242562294,0.8518700940933317,0.08099828214765294,0.05056489466636698,0.7151,0.6803,0.6516,0.6175,0.5745,0.5261,0.4468,0.0008,0.0008,0.0008,vit_base_patch16_clip_224.laion2b_ft_in12k_in1k,ResNeXt101_64X4D,dictatorial_weighteduncertainty,DuoWrapper,softmax_response,17.56,15.46,0.88041,ood_test
0.7637,0.7609964566844875,0.0003377303487861677,0.9910537810134586,0.0707155242562294,0.8401913396764122,0.08664948789700976,0.0562161004157238,0.7021,0.677,0.6441,0.6044,0.5571,0.4882,0.3704,0.0009,0.0009,0.0009,vit_base_patch16_clip_224.laion2b_ft_in12k_in1k,ResNeXt101_64X4D,dictatorial_weighteduncertainty,DuoWrapper,entropy,17.56,15.46,0.88041,ood_test
0.7676,0.7649130934676068,0.0003377303487861677,0.9910537810134586,0.0707155242562294,0.8479898059445404,0.08037896940199389,0.05098719864574148,0.7147,0.6802,0.6519,0.6176,0.5756,0.5286,0.4507,0.0008,0.0008,0.0008,vit_base_patch16_clip_224.laion2b_ft_in12k_in1k,ResNeXt101_64X4D,temperature_weighted,DuoWrapper,softmax_response,17.56,15.46,0.88041,ood_test
0.7676,0.7649130934676068,0.0003377303487861677,0.9910537810134586,0.0707155242562294,0.8355338554396249,0.0861168361130966,0.05672506535684419,0.7015,0.6771,0.6442,0.6048,0.5591,0.4921,0.3707,0.0009,0.0009,0.0009,vit_base_patch16_clip_224.laion2b_ft_in12k_in1k,ResNeXt101_64X4D,temperature_weighted,DuoWrapper,entropy,17.56,15.46,0.88041,ood_test
0.7568,0.7542036934931329,0.0003506047719900385,1.049008531816345,0.05927273631095886,0.8459758170656226,0.08471057207194692,0.052385471052221584,0.6839,0.6547,0.6251,0.5876,0.5479,0.5071,0.4263,0.0014,0.0014,0.0014,vit_base_patch16_clip_224.laion2b_ft_in12k_in1k,ResNeXt50_32X4D,logit_average,DuoWrapper,softmax_response,17.56,4.23,0.24089,ood_test
0.7568,0.7542036934931329,0.0003506047719900385,1.049008531816345,0.05927273631095886,0.8334158454573273,0.09010090905580365,0.05777580803607831,0.6683,0.6418,0.6063,0.5715,0.5369,0.4793,0.3504,0.0012,0.0012,0.0012,vit_base_patch16_clip_224.laion2b_ft_in12k_in1k,ResNeXt50_32X4D,logit_average,DuoWrapper,entropy,17.56,4.23,0.24089,ood_test
0.7637,0.7609964566844875,0.0003506047719900385,1.049008531816345,0.05927273631095886,0.8351173161864105,0.08449171494835497,0.05405832746706902,0.6835,0.655,0.6242,0.5888,0.5489,0.507,0.4228,0.0014,0.0014,0.0014,vit_base_patch16_clip_224.laion2b_ft_in12k_in1k,ResNeXt50_32X4D,dictatorial_avguncertainty,DuoWrapper,softmax_response,17.56,4.23,0.24089,ood_test
0.7637,0.7609964566844875,0.0003506047719900385,1.049008531816345,0.05927273631095886,0.8227130086055088,0.08983454624957339,0.059401158768287436,0.6666,0.6379,0.6063,0.5705,0.5369,0.4772,0.3131,0.0012,0.0012,0.0012,vit_base_patch16_clip_224.laion2b_ft_in12k_in1k,ResNeXt50_32X4D,dictatorial_avguncertainty,DuoWrapper,entropy,17.56,4.23,0.24089,ood_test
0.7637,0.7609964566844875,0.00034462054644569833,1.022580112197944,0.07922553271055222,0.8480340576378524,0.08161187532412031,0.05117848784283436,0.7029,0.6718,0.6438,0.6072,0.5718,0.5185,0.4379,0.0039,0.0023,0.0023,vit_base_patch16_clip_224.laion2b_ft_in12k_in1k,ResNeXt50_32X4D,dictatorial_weighteduncertainty,DuoWrapper,softmax_response,17.56,4.23,0.24089,ood_test
0.7637,0.7609964566844875,0.00034462054644569833,1.022580112197944,0.07922553271055222,0.8379636168904189,0.08701063688078019,0.05657724939949423,0.7035,0.6738,0.6377,0.6007,0.5485,0.4869,0.0038,0.0038,0.0019,0.0019,vit_base_patch16_clip_224.laion2b_ft_in12k_in1k,ResNeXt50_32X4D,dictatorial_weighteduncertainty,DuoWrapper,entropy,17.56,4.23,0.24089,ood_test
0.7648,0.7620626013629432,0.00034462054644569833,1.022580112197944,0.07922553271055222,0.846648166654214,0.08150847962617788,0.05137089358738837,0.7029,0.6718,0.6438,0.6072,0.5718,0.5185,0.4379,0.0039,0.0023,0.0023,vit_base_patch16_clip_224.laion2b_ft_in12k_in1k,ResNeXt50_32X4D,temperature_weighted,DuoWrapper,softmax_response,17.56,4.23,0.24089,ood_test
0.7648,0.7620626013629432,0.00034462054644569833,1.022580112197944,0.07922553271055222,0.8372292431616998,0.08675730536568445,0.056619719326894934,0.7037,0.6738,0.6377,0.6007,0.5485,0.4869,0.0038,0.0038,0.0019,0.0019,vit_base_patch16_clip_224.laion2b_ft_in12k_in1k,ResNeXt50_32X4D,temperature_weighted,DuoWrapper,entropy,17.56,4.23,0.24089,ood_test
0.7585,0.7565301780268546,0.00034754050389485344,1.0329514527275883,0.0636405199766159,0.849894433139396,0.08119072522727808,0.04933751692066214,0.6931,0.668,0.638,0.6053,0.5654,0.5049,0.4516,0.1838,0.0067,0.0055,vit_base_patch16_clip_224.laion2b_ft_in12k_in1k,ResNet101,logit_average,DuoWrapper,softmax_response,17.56,7.8,0.44419,ood_test
0.7585,0.7565301780268546,0.00034754050389485344,1.0329514527275883,0.0636405199766159,0.8376719061130514,0.08655517480466296,0.054701966498047025,0.6825,0.6573,0.6246,0.5886,0.5469,0.4823,0.3859,0.0051,0.0051,0.0043,vit_base_patch16_clip_224.laion2b_ft_in12k_in1k,ResNet101,logit_average,DuoWrapper,entropy,17.56,7.8,0.44419,ood_test
0.7637,0.7609964566844875,0.00034754050389485344,1.0329514527275883,0.0636405199766159,0.8420521714478774,0.08095260401747469,0.05051921653618873,0.6932,0.6686,0.639,0.6053,0.5654,0.5049,0.4516,0.1838,0.0067,0.0055,vit_base_patch16_clip_224.laion2b_ft_in12k_in1k,ResNet101,dictatorial_avguncertainty,DuoWrapper,softmax_response,17.56,7.8,0.44419,ood_test
0.7637,0.7609964566844875,0.00034754050389485344,1.0329514527275883,0.0636405199766159,0.830755768337444,0.0860973063140027,0.05566391883271674,0.6802,0.6573,0.6245,0.5891,0.5473,0.4823,0.3859,0.0051,0.0051,0.0043,vit_base_patch16_clip_224.laion2b_ft_in12k_in1k,ResNet101,dictatorial_avguncertainty,DuoWrapper,entropy,17.56,7.8,0.44419,ood_test
0.7637,0.7609964566844875,0.0003439101523306725,1.0199491888732881,0.07910946756601334,0.8492378270011063,0.08132012837484513,0.05088674089355918,0.7031,0.6745,0.648,0.6137,0.5722,0.5284,0.4416,0.0067,0.0065,0.0011,vit_base_patch16_clip_224.laion2b_ft_in12k_in1k,ResNet101,dictatorial_weighteduncertainty,DuoWrapper,softmax_response,17.56,7.8,0.44419,ood_test
0.7637,0.7609964566844875,0.0003439101523306725,1.0199491888732881,0.07910946756601334,0.8389664301648361,0.08663724921010005,0.05620386172881409,0.7012,0.6735,0.6463,0.6048,0.5531,0.479,0.0078,0.0075,0.0068,0.0013,vit_base_patch16_clip_224.laion2b_ft_in12k_in1k,ResNet101,dictatorial_weighteduncertainty,DuoWrapper,entropy,17.56,7.8,0.44419,ood_test
0.7658,0.7631048920567849,0.0003439101523306725,1.0199491888732881,0.07910946756601334,0.8466485375329049,0.08111201140770126,0.051241962802963725,0.7031,0.6745,0.648,0.6137,0.5722,0.5284,0.4416,0.0067,0.0065,0.0011,vit_base_patch16_clip_224.laion2b_ft_in12k_in1k,ResNet101,temperature_weighted,DuoWrapper,softmax_response,17.56,7.8,0.44419,ood_test
0.7658,0.7631048920567849,0.0003439101523306725,1.0199491888732881,0.07910946756601334,0.8377177497720105,0.0861280318897029,0.05625798328496537,0.7012,0.6735,0.6463,0.6048,0.5531,0.479,0.0078,0.0075,0.0068,0.0013,vit_base_patch16_clip_224.laion2b_ft_in12k_in1k,ResNet101,temperature_weighted,DuoWrapper,entropy,17.56,7.8,0.44419,ood_test
0.7627,0.7603828158628125,0.0003438245971178578,1.0258310218311402,0.06469348818063736,0.8485972136052021,0.08069686818786215,0.04999319547845821,0.6982,0.6725,0.643,0.6079,0.5653,0.5101,0.4259,0.1535,0.0008,0.0008,vit_base_patch16_clip_224.laion2b_ft_in12k_in1k,ResNet152,logit_average,DuoWrapper,softmax_response,17.56,11.51,0.65547,ood_test
0.7627,0.7603828158628125,0.0003438245971178578,1.0258310218311402,0.06469348818063736,0.8371274097704768,0.08675972211954874,0.056056049410144804,0.6923,0.6669,0.6333,0.5989,0.5668,0.4812,0.0229,0.0169,0.0008,0.0008,vit_base_patch16_clip_224.laion2b_ft_in12k_in1k,ResNet152,logit_average,DuoWrapper,entropy,17.56,11.51,0.65547,ood_test
0.7637,0.7609964566844875,0.0003438245971178578,1.0258310218311402,0.06469348818063736,0.8421439634680504,0.0817298491455938,0.05129646166430784,0.6955,0.6687,0.6418,0.6048,0.566,0.5106,0.4259,0.1535,0.0008,0.0008,vit_base_patch16_clip_224.laion2b_ft_in12k_in1k,ResNet152,dictatorial_avguncertainty,DuoWrapper,softmax_response,17.56,11.51,0.65547,ood_test
0.7637,0.7609964566844875,0.0003438245971178578,1.0258310218311402,0.06469348818063736,0.8311782111178783,0.0877047647665044,0.05727137728521845,0.6864,0.6606,0.6296,0.5988,0.5672,0.4829,0.0229,0.0169,0.0008,0.0008,vit_base_patch16_clip_224.laion2b_ft_in12k_in1k,ResNet152,dictatorial_avguncertainty,DuoWrapper,entropy,17.56,11.51,0.65547,ood_test
0.7637,0.7609964566844875,0.0003430664311724371,1.0186211686660758,0.07842253148555756,0.849657748479447,0.08129829003838032,0.05086490255709437,0.7051,0.6762,0.6489,0.6108,0.5728,0.525,0.4382,0.024,0.0013,0.0013,vit_base_patch16_clip_224.laion2b_ft_in12k_in1k,ResNet152,dictatorial_weighteduncertainty,DuoWrapper,softmax_response,17.56,11.51,0.65547,ood_test
0.7637,0.7609964566844875,0.0003430664311724371,1.0186211686660758,0.07842253148555756,0.8389679540287387,0.08705294496858709,0.05661955748730114,0.7045,0.6768,0.6454,0.6117,0.5567,0.4901,0.0176,0.001,0.001,0.001,vit_base_patch16_clip_224.laion2b_ft_in12k_in1k,ResNet152,dictatorial_weighteduncertainty,DuoWrapper,entropy,17.56,11.51,0.65547,ood_test
0.7672,0.764835952772879,0.0003430664311724371,1.0186211686660758,0.07842253148555756,0.8450513134744455,0.08100614352847786,0.0515084539281289,0.7051,0.6762,0.6489,0.6108,0.5728,0.525,0.4382,0.024,0.0013,0.0013,vit_base_patch16_clip_224.laion2b_ft_in12k_in1k,ResNet152,temperature_weighted,DuoWrapper,softmax_response,17.56,11.51,0.65547,ood_test
0.7672,0.764835952772879,0.0003430664311724371,1.0186211686660758,0.07842253148555756,0.8357481427084341,0.0864403418351684,0.05694265223481944,0.7045,0.6768,0.6454,0.6117,0.5567,0.4901,0.0176,0.001,0.001,0.001,vit_base_patch16_clip_224.laion2b_ft_in12k_in1k,ResNet152,temperature_weighted,DuoWrapper,entropy,17.56,11.51,0.65547,ood_test
0.7602,0.7574190728392839,0.0003450816156630885,1.0220381450224505,0.05276602879166603,0.8472403886515093,0.08159506489281504,0.05020993914451458,0.6958,0.6701,0.6371,0.5917,0.5526,0.5126,0.4335,0.3008,0.008,0.0026,vit_base_patch16_clip_224.laion2b_ft_in12k_in1k,ResNet50,logit_average,DuoWrapper,softmax_response,17.56,4.09,0.23292,ood_test
0.7602,0.7574190728392839,0.0003450816156630885,1.0220381450224505,0.05276602879166603,0.8338967852057719,0.08686931231980281,0.05548418657150236,0.6753,0.641,0.6166,0.5852,0.5374,0.4926,0.3759,0.0076,0.0062,0.0024,vit_base_patch16_clip_224.laion2b_ft_in12k_in1k,ResNet50,logit_average,DuoWrapper,entropy,17.56,4.09,0.23292,ood_test
0.7637,0.7609964566844875,0.0003450816156630885,1.0220381450224505,0.05276602879166603,0.8408694868197132,0.08166927367179978,0.05123588619051383,0.6948,0.6675,0.6354,0.5916,0.5526,0.5126,0.4335,0.3008,0.008,0.0026,vit_base_patch16_clip_224.laion2b_ft_in12k_in1k,ResNet50,dictatorial_avguncertainty,DuoWrapper,softmax_response,17.56,4.09,0.23292,ood_test
0.7637,0.7609964566844875,0.0003450816156630885,1.0220381450224505,0.05276602879166603,0.8274410041631407,0.08693265702912542,0.056499269547839466,0.6744,0.641,0.6167,0.5861,0.5376,0.4926,0.3759,0.0076,0.0062,0.0024,vit_base_patch16_clip_224.laion2b_ft_in12k_in1k,ResNet50,dictatorial_avguncertainty,DuoWrapper,entropy,17.56,4.09,0.23292,ood_test
0.7637,0.7609964566844875,0.00033982429038157877,1.0005369910955606,0.06503362953662872,0.8501739781564361,0.07923165532721628,0.048798267845930325,0.7026,0.6772,0.6482,0.6118,0.5742,0.517,0.4594,0.3273,0.0007,0.0007,vit_base_patch16_clip_224.laion2b_ft_in12k_in1k,ResNet50,dictatorial_weighteduncertainty,DuoWrapper,softmax_response,17.56,4.09,0.23292,ood_test
0.7637,0.7609964566844875,0.00033982429038157877,1.0005369910955606,0.06503362953662872,0.8387372410338757,0.08404567798933776,0.05361229050805181,0.6906,0.6643,0.6366,0.6027,0.5553,0.4973,0.4084,0.0071,0.0006,0.0006,vit_base_patch16_clip_224.laion2b_ft_in12k_in1k,ResNet50,dictatorial_weighteduncertainty,DuoWrapper,entropy,17.56,4.09,0.23292,ood_test
0.7665,0.7640337625029936,0.00033982429038157877,1.0005369910955606,0.06503362953662872,0.847636815190715,0.07875973594497157,0.04907618647717504,0.7029,0.6773,0.6494,0.6118,0.5742,0.517,0.4594,0.3273,0.0007,0.0007,vit_base_patch16_clip_224.laion2b_ft_in12k_in1k,ResNet50,temperature_weighted,DuoWrapper,softmax_response,17.56,4.09,0.23292,ood_test
0.7665,0.7640337625029936,0.00033982429038157877,1.0005369910955606,0.06503362953662872,0.837259212388132,0.08330927200876402,0.053625722540967494,0.6924,0.6646,0.6366,0.6027,0.5553,0.4973,0.4084,0.0071,0.0006,0.0006,vit_base_patch16_clip_224.laion2b_ft_in12k_in1k,ResNet50,temperature_weighted,DuoWrapper,entropy,17.56,4.09,0.23292,ood_test
0.7381,0.7353282547299337,0.00038217281313206755,1.1673563845421633,0.044091563671827316,0.8204381610130839,0.09765862258344479,0.05988875580173128,0.5851,0.554,0.5216,0.4849,0.4326,0.3647,0.2991,0.1979,0.072,0.0243,vit_base_patch16_clip_224.laion2b_ft_in12k_in1k,ShuffleNet_V2_X0_5,logit_average,DuoWrapper,softmax_response,17.56,0.04,0.00228,ood_test
0.7381,0.7353282547299337,0.00038217281313206755,1.1673563845421633,0.044091563671827316,0.7782249389175504,0.11130685991321033,0.07353699313149682,0.5016,0.4704,0.4372,0.4018,0.3592,0.323,0.2557,0.1788,0.0674,0.0227,vit_base_patch16_clip_224.laion2b_ft_in12k_in1k,ShuffleNet_V2_X0_5,logit_average,DuoWrapper,entropy,17.56,0.04,0.00228,ood_test
0.7637,0.7609964566844875,0.00038217281313206755,1.1673563845421633,0.044091563671827316,0.7913321623778395,0.09385782328185144,0.06342443580056548,0.5858,0.5539,0.5179,0.4748,0.427,0.3645,0.2991,0.1979,0.072,0.0243,vit_base_patch16_clip_224.laion2b_ft_in12k_in1k,ShuffleNet_V2_X0_5,dictatorial_avguncertainty,DuoWrapper,softmax_response,17.56,0.04,0.00228,ood_test
0.7637,0.7609964566844875,0.00038217281313206755,1.1673563845421633,0.044091563671827316,0.7523397544894554,0.10600497129404385,0.07557158381275789,0.5098,0.4684,0.4352,0.4001,0.3557,0.3189,0.2557,0.1788,0.0674,0.0227,vit_base_patch16_clip_224.laion2b_ft_in12k_in1k,ShuffleNet_V2_X0_5,dictatorial_avguncertainty,DuoWrapper,entropy,17.56,0.04,0.00228,ood_test
0.7637,0.7609964566844875,0.00034582081269598656,1.0186435671008625,0.07307775318622589,0.8464023872907314,0.07857945381070147,0.04814606632941552,0.7014,0.6712,0.6368,0.6058,0.562,0.5125,0.4455,0.2211,0.1063,0.0066,vit_base_patch16_clip_224.laion2b_ft_in12k_in1k,ShuffleNet_V2_X0_5,dictatorial_weighteduncertainty,DuoWrapper,softmax_response,17.56,0.04,0.00228,ood_test
0.7637,0.7609964566844875,0.00034582081269598656,1.0186435671008625,0.07307775318622589,0.8358560299931881,0.08317145277329985,0.05273806529201389,0.6895,0.6578,0.6302,0.5901,0.5401,0.4726,0.369,0.124,0.0054,0.005,vit_base_patch16_clip_224.laion2b_ft_in12k_in1k,ShuffleNet_V2_X0_5,dictatorial_weighteduncertainty,DuoWrapper,entropy,17.56,0.04,0.00228,ood_test
0.7641,0.7614783089287303,0.00034582081269598656,1.0186435671008625,0.07307775318622589,0.8462142746463976,0.07847723692727883,0.04815159680503203,0.7014,0.6712,0.6368,0.6058,0.562,0.5125,0.4455,0.2211,0.1063,0.0066,vit_base_patch16_clip_224.laion2b_ft_in12k_in1k,ShuffleNet_V2_X0_5,temperature_weighted,DuoWrapper,softmax_response,17.56,0.04,0.00228,ood_test
0.7641,0.7614783089287303,0.00034582081269598656,1.0186435671008625,0.07307775318622589,0.8362123434524898,0.08294195876383782,0.052616318641591026,0.6912,0.6578,0.6302,0.5901,0.5401,0.4726,0.369,0.124,0.0054,0.005,vit_base_patch16_clip_224.laion2b_ft_in12k_in1k,ShuffleNet_V2_X0_5,temperature_weighted,DuoWrapper,entropy,17.56,0.04,0.00228,ood_test
0.744,0.7407857867010658,0.00036885768504167415,1.1119388436134616,0.03999801352620125,0.8330165018061156,0.08922164425329092,0.053220242400252214,0.6345,0.5954,0.559,0.5212,0.4804,0.423,0.3605,0.2801,0.191,0.0507,vit_base_patch16_clip_224.laion2b_ft_in12k_in1k,ShuffleNet_V2_X1_0,logit_average,DuoWrapper,softmax_response,17.56,0.14,0.00797,ood_test
0.744,0.7407857867010658,0.00036885768504167415,1.1119388436134616,0.03999801352620125,0.801114252562164,0.09908356135556554,0.06308215950252682,0.5627,0.5296,0.502,0.4716,0.4256,0.3781,0.3315,0.2552,0.1451,0.0909,vit_base_patch16_clip_224.laion2b_ft_in12k_in1k,ShuffleNet_V2_X1_0,logit_average,DuoWrapper,entropy,17.56,0.14,0.00797,ood_test
0.7637,0.7609964566844875,0.00036885768504167415,1.1119388436134616,0.03999801352620125,0.8105112086839629,0.08656114700211194,0.056127759520825986,0.6294,0.5945,0.5571,0.5211,0.4768,0.4223,0.3605,0.2801,0.191,0.0507,vit_base_patch16_clip_224.laion2b_ft_in12k_in1k,ShuffleNet_V2_X1_0,dictatorial_avguncertainty,DuoWrapper,softmax_response,17.56,0.14,0.00797,ood_test
0.7637,0.7609964566844875,0.00036885768504167415,1.1119388436134616,0.03999801352620125,0.7816524403350483,0.09530419692899546,0.06487080944770951,0.5656,0.5315,0.4988,0.4692,0.4239,0.3781,0.3315,0.2552,0.1451,0.0909,vit_base_patch16_clip_224.laion2b_ft_in12k_in1k,ShuffleNet_V2_X1_0,dictatorial_avguncertainty,DuoWrapper,entropy,17.56,0.14,0.00797,ood_test
0.7637,0.7609964566844875,0.0003451234537221609,1.0179596933973596,0.07452782243490219,0.8490817833374735,0.0767798646831836,0.04634647720189764,0.7012,0.6727,0.641,0.6121,0.569,0.5086,0.437,0.3109,0.1718,0.0054,vit_base_patch16_clip_224.laion2b_ft_in12k_in1k,ShuffleNet_V2_X1_0,dictatorial_weighteduncertainty,DuoWrapper,softmax_response,17.56,0.14,0.00797,ood_test
0.7637,0.7609964566844875,0.0003451234537221609,1.0179596933973596,0.07452782243490219,0.8393082466915114,0.0809292350309767,0.05049584754969074,0.6972,0.6648,0.6331,0.6007,0.5406,0.4747,0.3736,0.2178,0.1304,0.0041,vit_base_patch16_clip_224.laion2b_ft_in12k_in1k,ShuffleNet_V2_X1_0,dictatorial_weighteduncertainty,DuoWrapper,entropy,17.56,0.14,0.00797,ood_test
0.7642,0.7614495818110091,0.0003451234537221609,1.0179596933973596,0.07452782243490219,0.8488057826941376,0.07666129928197687,0.046362563276976215,0.7012,0.6727,0.641,0.6121,0.569,0.5086,0.437,0.3109,0.1718,0.0054,vit_base_patch16_clip_224.laion2b_ft_in12k_in1k,ShuffleNet_V2_X1_0,temperature_weighted,DuoWrapper,softmax_response,17.56,0.14,0.00797,ood_test
0.7642,0.7614495818110091,0.0003451234537221609,1.0179596933973596,0.07452782243490219,0.8398646080907728,0.08061311703507193,0.05031438103007127,0.6987,0.6648,0.6331,0.6007,0.5406,0.4747,0.3736,0.2178,0.1304,0.0041,vit_base_patch16_clip_224.laion2b_ft_in12k_in1k,ShuffleNet_V2_X1_0,temperature_weighted,DuoWrapper,entropy,17.56,0.14,0.00797,ood_test
0.7452,0.7422653784892623,0.0003627702299417411,1.0766406165288704,0.042256537824869156,0.8407769167991735,0.08730034500775365,0.05165289302282684,0.6517,0.6218,0.5803,0.5417,0.5009,0.449,0.3685,0.2739,0.1608,0.0044,vit_base_patch16_clip_224.laion2b_ft_in12k_in1k,ShuffleNet_V2_X1_5,logit_average,DuoWrapper,softmax_response,17.56,0.3,0.01708,ood_test
0.7452,0.7422653784892623,0.0003627702299417411,1.0766406165288704,0.042256537824869156,0.8142536882831913,0.09549862321870382,0.05985117123377702,0.5961,0.5654,0.5382,0.5047,0.4552,0.4082,0.3287,0.227,0.1015,0.0047,vit_base_patch16_clip_224.laion2b_ft_in12k_in1k,ShuffleNet_V2_X1_5,logit_average,DuoWrapper,entropy,17.56,0.3,0.01708,ood_test
0.7637,0.7609964566844875,0.0003627702299417411,1.0766406165288704,0.042256537824869156,0.8194176667693105,0.08489737001021327,0.05446398252892732,0.6553,0.6227,0.5827,0.5441,0.5023,0.449,0.3676,0.2735,0.1608,0.0044,vit_base_patch16_clip_224.laion2b_ft_in12k_in1k,ShuffleNet_V2_X1_5,dictatorial_avguncertainty,DuoWrapper,softmax_response,17.56,0.3,0.01708,ood_test
0.7637,0.7609964566844875,0.0003627702299417411,1.0766406165288704,0.042256537824869156,0.7948726523560514,0.09239162016285753,0.06195823268157157,0.5955,0.5651,0.5392,0.505,0.4568,0.4081,0.3287,0.224,0.1015,0.0047,vit_base_patch16_clip_224.laion2b_ft_in12k_in1k,ShuffleNet_V2_X1_5,dictatorial_avguncertainty,DuoWrapper,entropy,17.56,0.3,0.01708,ood_test
0.7637,0.7609964566844875,0.00034565067373221994,1.0195973177445607,0.07834457606077194,0.8480834308282987,0.07909763741856195,0.04866424993727599,0.6986,0.6693,0.6431,0.6119,0.5674,0.5093,0.4435,0.2716,0.0011,0.0011,vit_base_patch16_clip_224.laion2b_ft_in12k_in1k,ShuffleNet_V2_X1_5,dictatorial_weighteduncertainty,DuoWrapper,softmax_response,17.56,0.3,0.01708,ood_test
0.7637,0.7609964566844875,0.00034565067373221994,1.0195973177445607,0.07834457606077194,0.8386033626633729,0.08372458662993251,0.05329119914864656,0.6982,0.668,0.6316,0.6032,0.5551,0.4741,0.4008,0.0011,0.0011,0.0011,vit_base_patch16_clip_224.laion2b_ft_in12k_in1k,ShuffleNet_V2_X1_5,dictatorial_weighteduncertainty,DuoWrapper,entropy,17.56,0.3,0.01708,ood_test
0.7623,0.7593446998006034,0.00034565067373221994,1.0195973177445607,0.07834457606077194,0.850049346377797,0.07918790770669042,0.048375753885406325,0.6986,0.6693,0.6431,0.6119,0.5674,0.5093,0.4435,0.2716,0.0011,0.0011,vit_base_patch16_clip_224.laion2b_ft_in12k_in1k,ShuffleNet_V2_X1_5,temperature_weighted,DuoWrapper,softmax_response,17.56,0.3,0.01708,ood_test
0.7623,0.7593446998006034,0.00034565067373221994,1.0195973177445607,0.07834457606077194,0.8400390378055119,0.08393161916099273,0.05311946533970864,0.6984,0.668,0.6316,0.6032,0.5551,0.4741,0.4008,0.0011,0.0011,0.0011,vit_base_patch16_clip_224.laion2b_ft_in12k_in1k,ShuffleNet_V2_X1_5,temperature_weighted,DuoWrapper,entropy,17.56,0.3,0.01708,ood_test
0.7539,0.7509748554585699,0.00035720524539256204,1.058927352376939,0.04416295140981674,0.8364677859068911,0.08490040476695601,0.051761492195911356,0.6555,0.6279,0.5984,0.5629,0.5274,0.4745,0.3685,0.2803,0.1664,0.0021,vit_base_patch16_clip_224.laion2b_ft_in12k_in1k,ShuffleNet_V2_X2_0,logit_average,DuoWrapper,softmax_response,17.56,0.58,0.03303,ood_test
0.7539,0.7509748554585699,0.00035720524539256204,1.058927352376939,0.04416295140981674,0.8146036654365468,0.09195593413128968,0.05881702156024502,0.6177,0.5919,0.5566,0.5246,0.4851,0.4273,0.3407,0.2206,0.0856,0.0021,vit_base_patch16_clip_224.laion2b_ft_in12k_in1k,ShuffleNet_V2_X2_0,logit_average,DuoWrapper,entropy,17.56,0.58,0.03303,ood_test
0.7637,0.7609964566844875,0.00035720524539256204,1.058927352376939,0.04416295140981674,0.8258562411176051,0.0833882466039064,0.05295485912262044,0.6586,0.6323,0.603,0.5689,0.5294,0.4745,0.3685,0.2803,0.1664,0.0021,vit_base_patch16_clip_224.laion2b_ft_in12k_in1k,ShuffleNet_V2_X2_0,dictatorial_avguncertainty,DuoWrapper,softmax_response,17.56,0.58,0.03303,ood_test
0.7637,0.7609964566844875,0.00035720524539256204,1.058927352376939,0.04416295140981674,0.803527201884981,0.09046458085350603,0.06003119337222008,0.6189,0.5948,0.5576,0.5265,0.4855,0.4281,0.3407,0.2206,0.0856,0.0021,vit_base_patch16_clip_224.laion2b_ft_in12k_in1k,ShuffleNet_V2_X2_0,dictatorial_avguncertainty,DuoWrapper,entropy,17.56,0.58,0.03303,ood_test
0.7637,0.7609964566844875,0.0003453886044379896,1.0201505674333888,0.07755103707313538,0.8481762202866626,0.07970218175377013,0.04926879427248417,0.6995,0.669,0.6407,0.6106,0.5655,0.5136,0.4452,0.2941,0.0025,0.0025,vit_base_patch16_clip_224.laion2b_ft_in12k_in1k,ShuffleNet_V2_X2_0,dictatorial_weighteduncertainty,DuoWrapper,softmax_response,17.56,0.58,0.03303,ood_test
0.7637,0.7609964566844875,0.0003453886044379896,1.0201505674333888,0.07755103707313538,0.8383602648109736,0.0847018268702456,0.05426843938895965,0.6976,0.6675,0.6345,0.5997,0.5508,0.4885,0.3832,0.0021,0.0021,0.0021,vit_base_patch16_clip_224.laion2b_ft_in12k_in1k,ShuffleNet_V2_X2_0,dictatorial_weighteduncertainty,DuoWrapper,entropy,17.56,0.58,0.03303,ood_test
0.7637,0.7608959182076827,0.0003453886044379896,1.0201505674333888,0.07755103707313538,0.8482050351677313,0.07969560989824882,0.04926222241696287,0.6995,0.669,0.6407,0.6106,0.5655,0.5136,0.4452,0.2941,0.0025,0.0025,vit_base_patch16_clip_224.laion2b_ft_in12k_in1k,ShuffleNet_V2_X2_0,temperature_weighted,DuoWrapper,softmax_response,17.56,0.58,0.03303,ood_test
0.7637,0.7608959182076827,0.0003453886044379896,1.0201505674333888,0.07755103707313538,0.8387660005017115,0.08461023076596792,0.05417684328468197,0.6973,0.6675,0.6345,0.5997,0.5508,0.4885,0.3832,0.0021,0.0021,0.0021,vit_base_patch16_clip_224.laion2b_ft_in12k_in1k,ShuffleNet_V2_X2_0,temperature_weighted,DuoWrapper,entropy,17.56,0.58,0.03303,ood_test
0.7653,0.763149716086361,0.00034539842996979996,1.025158110590059,0.07111578434705734,0.8421998641434381,0.08355741657567763,0.05355376258856527,0.6976,0.667,0.6401,0.6058,0.5737,0.5427,0.4412,0.0001,0.0001,0.0001,vit_base_patch16_clip_224.laion2b_ft_in12k_in1k,Swin_B,logit_average,DuoWrapper,softmax_response,17.56,15.43,0.8787,ood_test
0.7653,0.763149716086361,0.00034539842996979996,1.025158110590059,0.07111578434705734,0.8319837312852743,0.08969629038682962,0.05969263639971727,0.6945,0.666,0.6328,0.6029,0.5619,0.5148,0.0001,0.0001,0.0001,0.0001,vit_base_patch16_clip_224.laion2b_ft_in12k_in1k,Swin_B,logit_average,DuoWrapper,entropy,17.56,15.43,0.8787,ood_test
0.7637,0.7609964566844875,0.00034539842996979996,1.025158110590059,0.07111578434705734,0.8402594702461694,0.08460544722913496,0.054172059747849007,0.6928,0.6635,0.6379,0.6051,0.5726,0.5422,0.4406,0.0001,0.0001,0.0001,vit_base_patch16_clip_224.laion2b_ft_in12k_in1k,Swin_B,dictatorial_avguncertainty,DuoWrapper,softmax_response,17.56,15.43,0.8787,ood_test
0.7637,0.7609964566844875,0.00034539842996979996,1.025158110590059,0.07111578434705734,0.8316527423371673,0.09045304397828392,0.06001965649699797,0.6901,0.6638,0.6328,0.6019,0.5618,0.5136,0.0001,0.0001,0.0001,0.0001,vit_base_patch16_clip_224.laion2b_ft_in12k_in1k,Swin_B,dictatorial_avguncertainty,DuoWrapper,entropy,17.56,15.43,0.8787,ood_test
0.7637,0.7609964566844875,0.00033880745233641105,1.002838422976676,0.06594066321849823,0.8479484718997556,0.08221744264293909,0.05178405516165314,0.7034,0.6756,0.6428,0.6124,0.5776,0.5362,0.4314,0.0001,0.0001,0.0001,vit_base_patch16_clip_224.laion2b_ft_in12k_in1k,Swin_B,dictatorial_weighteduncertainty,DuoWrapper,softmax_response,17.56,15.43,0.8787,ood_test
0.7637,0.7609964566844875,0.00033880745233641105,1.002838422976676,0.06594066321849823,0.8364680137364972,0.0886080723041139,0.05817468482282794,0.7017,0.6735,0.639,0.6032,0.5661,0.5042,0.0001,0.0001,0.0001,0.0001,vit_base_patch16_clip_224.laion2b_ft_in12k_in1k,Swin_B,dictatorial_weighteduncertainty,DuoWrapper,entropy,17.56,15.43,0.8787,ood_test
0.7706,0.7682395049195202,0.00033880745233641105,1.002838422976676,0.06594066321849823,0.8409883850512434,0.08117457239350845,0.052570556369185735,0.7044,0.6757,0.6434,0.6125,0.5785,0.5362,0.4314,0.0001,0.0001,0.0001,vit_base_patch16_clip_224.laion2b_ft_in12k_in1k,Swin_B,temperature_weighted,DuoWrapper,softmax_response,17.56,15.43,0.8787,ood_test
0.7706,0.7682395049195202,0.00033880745233641105,1.002838422976676,0.06594066321849823,0.8291877206610594,0.08756434368605294,0.058960327661730226,0.7032,0.6736,0.6393,0.6034,0.5667,0.5042,0.0001,0.0001,0.0001,0.0001,vit_base_patch16_clip_224.laion2b_ft_in12k_in1k,Swin_B,temperature_weighted,DuoWrapper,entropy,17.56,15.43,0.8787,ood_test
0.7652,0.7630489808967296,0.00034159004790678635,1.0131446369232722,0.06406491994857788,0.8487595186169052,0.07765016949456041,0.04761975523748688,0.7006,0.6685,0.6378,0.6048,0.5738,0.5323,0.473,0.3253,0.0103,0.0011,vit_base_patch16_clip_224.laion2b_ft_in12k_in1k,Swin_S,logit_average,DuoWrapper,softmax_response,17.56,8.74,0.49772,ood_test
0.7652,0.7630489808967296,0.00034159004790678635,1.0131446369232722,0.06406491994857788,0.8371050848182123,0.08316228500481254,0.05313187074773901,0.6916,0.6634,0.637,0.6016,0.5646,0.5121,0.397,0.0077,0.0011,0.0011,vit_base_patch16_clip_224.laion2b_ft_in12k_in1k,Swin_S,logit_average,DuoWrapper,entropy,17.56,8.74,0.49772,ood_test
0.7637,0.7609964566844875,0.00034159004790678635,1.0131446369232722,0.06406491994857788,0.8467733234712556,0.07864196438559762,0.04820857690431166,0.6982,0.6672,0.6351,0.6046,0.5745,0.5323,0.473,0.3253,0.0103,0.0011,vit_base_patch16_clip_224.laion2b_ft_in12k_in1k,Swin_S,dictatorial_avguncertainty,DuoWrapper,softmax_response,17.56,8.74,0.49772,ood_test
0.7637,0.7609964566844875,0.00034159004790678635,1.0131446369232722,0.06406491994857788,0.8368030975553844,0.08380395174729931,0.05337056426601335,0.6895,0.6627,0.6368,0.6016,0.5646,0.5121,0.397,0.0077,0.0011,0.0011,vit_base_patch16_clip_224.laion2b_ft_in12k_in1k,Swin_S,dictatorial_avguncertainty,DuoWrapper,entropy,17.56,8.74,0.49772,ood_test
0.7637,0.7609964566844875,0.0003371371495124326,0.9966764575042287,0.06627810746431351,0.852699824135023,0.07819881563299662,0.047765428151710664,0.7055,0.6763,0.6477,0.613,0.5724,0.5369,0.4607,0.2998,0.0155,0.0007,vit_base_patch16_clip_224.laion2b_ft_in12k_in1k,Swin_S,dictatorial_weighteduncertainty,DuoWrapper,softmax_response,17.56,8.74,0.49772,ood_test
0.7637,0.7609964566844875,0.0003371371495124326,0.9966764575042287,0.06627810746431351,0.8412571023833176,0.08378245037217878,0.05334906289089283,0.7001,0.676,0.6443,0.6094,0.5572,0.509,0.3976,0.0218,0.0122,0.0007,vit_base_patch16_clip_224.laion2b_ft_in12k_in1k,Swin_S,dictatorial_weighteduncertainty,DuoWrapper,entropy,17.56,8.74,0.49772,ood_test
0.7687,0.7664879327476483,0.0003371371495124326,0.9966764575042287,0.06627810746431351,0.8486987452384082,0.07726296507480701,0.04816139668771893,0.7056,0.6758,0.6477,0.613,0.5724,0.5369,0.4607,0.2998,0.0155,0.0007,vit_base_patch16_clip_224.laion2b_ft_in12k_in1k,Swin_S,temperature_weighted,DuoWrapper,softmax_response,17.56,8.74,0.49772,ood_test
0.7687,0.7664879327476483,0.0003371371495124326,0.9966764575042287,0.06627810746431351,0.8371482029474527,0.08281640523341173,0.05371483684632365,0.7005,0.676,0.6443,0.6094,0.5572,0.509,0.3976,0.0218,0.0122,0.0007,vit_base_patch16_clip_224.laion2b_ft_in12k_in1k,Swin_S,temperature_weighted,DuoWrapper,entropy,17.56,8.74,0.49772,ood_test
0.7577,0.7551615636845633,0.00034955212099314133,1.0246801440386735,0.05939442664384842,0.8493312651822088,0.07998193302912976,0.04790713270648477,0.6818,0.657,0.6253,0.5962,0.5648,0.5204,0.4467,0.3575,0.0102,0.0057,vit_base_patch16_clip_224.laion2b_ft_in12k_in1k,Swin_T,logit_average,DuoWrapper,softmax_response,17.56,4.49,0.25569,ood_test
0.7577,0.7551615636845633,0.00034955212099314133,1.0246801440386735,0.05939442664384842,0.8383220479946942,0.08484880985889531,0.052774009536250326,0.6701,0.6456,0.6171,0.586,0.5512,0.5066,0.4081,0.0097,0.0064,0.003,vit_base_patch16_clip_224.laion2b_ft_in12k_in1k,Swin_T,logit_average,DuoWrapper,entropy,17.56,4.49,0.25569,ood_test
0.7637,0.7609964566844875,0.00034955212099314133,1.0246801440386735,0.05939442664384842,0.8426594450663965,0.07918140868114895,0.048748021199863,0.6848,0.6573,0.6246,0.5992,0.5655,0.5204,0.4467,0.3575,0.0102,0.0057,vit_base_patch16_clip_224.laion2b_ft_in12k_in1k,Swin_T,dictatorial_avguncertainty,DuoWrapper,softmax_response,17.56,4.49,0.25569,ood_test
0.7637,0.7609964566844875,0.00034955212099314133,1.0246801440386735,0.05939442664384842,0.8306450804048778,0.08423378592468157,0.05380039844339562,0.6686,0.6456,0.6172,0.5887,0.5519,0.5074,0.4081,0.0097,0.0064,0.003,vit_base_patch16_clip_224.laion2b_ft_in12k_in1k,Swin_T,dictatorial_avguncertainty,DuoWrapper,entropy,17.56,4.49,0.25569,ood_test
0.7637,0.7609964566844875,0.0003444689548897002,1.007900075459338,0.07373163104057312,0.8495013723364174,0.07792581527093773,0.04749242778965177,0.6984,0.6669,0.6381,0.6086,0.5724,0.5302,0.467,0.3346,0.0117,0.0025,vit_base_patch16_clip_224.laion2b_ft_in12k_in1k,Swin_T,dictatorial_weighteduncertainty,DuoWrapper,softmax_response,17.56,4.49,0.25569,ood_test
0.7637,0.7609964566844875,0.0003444689548897002,1.007900075459338,0.07373163104057312,0.8394093758414154,0.08254794338453161,0.05211455590324566,0.6883,0.665,0.6352,0.5981,0.5626,0.5254,0.4307,0.017,0.0109,0.002,vit_base_patch16_clip_224.laion2b_ft_in12k_in1k,Swin_T,dictatorial_weighteduncertainty,DuoWrapper,entropy,17.56,4.49,0.25569,ood_test
0.7628,0.7599143772533659,0.0003444689548897002,1.007900075459338,0.07373163104057312,0.8503228984189783,0.07807482954876273,0.04739824433474237,0.6987,0.6669,0.6381,0.6086,0.5724,0.5302,0.467,0.3346,0.0117,0.0025,vit_base_patch16_clip_224.laion2b_ft_in12k_in1k,Swin_T,temperature_weighted,DuoWrapper,softmax_response,17.56,4.49,0.25569,ood_test
0.7628,0.7599143772533659,0.0003444689548897002,1.007900075459338,0.07373163104057312,0.8401903466946573,0.08270202377821491,0.05202543856419455,0.6883,0.6648,0.6341,0.5981,0.5626,0.5254,0.4307,0.017,0.0109,0.002,vit_base_patch16_clip_224.laion2b_ft_in12k_in1k,Swin_T,temperature_weighted,DuoWrapper,entropy,17.56,4.49,0.25569,ood_test
0.7676,0.7652077804013571,0.000341080873112341,1.0087733530781986,0.07065623253583908,0.8461914732554875,0.07840814495547374,0.04901637419922133,0.7097,0.6759,0.6408,0.6093,0.5795,0.5242,0.4557,0.3489,0.0073,0.0007,vit_base_patch16_clip_224.laion2b_ft_in12k_in1k,Swin_V2_S,logit_average,DuoWrapper,softmax_response,17.56,11.55,0.65774,ood_test
0.7676,0.7652077804013571,0.000341080873112341,1.0087733530781986,0.07065623253583908,0.8365405248627952,0.08333426740294657,0.053942496646694156,0.7041,0.6702,0.6382,0.6046,0.5688,0.5036,0.4083,0.0102,0.0006,0.0006,vit_base_patch16_clip_224.laion2b_ft_in12k_in1k,Swin_V2_S,logit_average,DuoWrapper,entropy,17.56,11.55,0.65774,ood_test
0.7637,0.7609964566844875,0.000341080873112341,1.0087733530781986,0.07065623253583908,0.8487747940276282,0.079293504950743,0.048860117469457044,0.7045,0.6745,0.6407,0.6095,0.5803,0.5242,0.4557,0.3489,0.0073,0.0007,vit_base_patch16_clip_224.laion2b_ft_in12k_in1k,Swin_V2_S,dictatorial_avguncertainty,DuoWrapper,softmax_response,17.56,11.55,0.65774,ood_test
0.7637,0.7609964566844875,0.000341080873112341,1.0087733530781986,0.07065623253583908,0.8406244495041651,0.0839201435893657,0.05348675610807974,0.7003,0.6719,0.6382,0.6049,0.5688,0.5036,0.4083,0.0102,0.0006,0.0006,vit_base_patch16_clip_224.laion2b_ft_in12k_in1k,Swin_V2_S,dictatorial_avguncertainty,DuoWrapper,entropy,17.56,11.55,0.65774,ood_test
0.7637,0.7609964566844875,0.00033882926701474605,0.9994165935016099,0.07629372924566269,0.853844301339155,0.078086551359916,0.04765316387863005,0.7096,0.6796,0.6474,0.6177,0.5822,0.5308,0.4535,0.348,0.0006,0.0006,vit_base_patch16_clip_224.laion2b_ft_in12k_in1k,Swin_V2_S,dictatorial_weighteduncertainty,DuoWrapper,softmax_response,17.56,11.55,0.65774,ood_test
0.7637,0.7609964566844875,0.00033882926701474605,0.9994165935016099,0.07629372924566269,0.8450503598230567,0.08283767957142163,0.052404292090135675,0.7089,0.6812,0.6476,0.6105,0.5734,0.5228,0.4153,0.017,0.0006,0.0006,vit_base_patch16_clip_224.laion2b_ft_in12k_in1k,Swin_V2_S,dictatorial_weighteduncertainty,DuoWrapper,entropy,17.56,11.55,0.65774,ood_test
0.7711,0.768581749461971,0.00033882926701474605,0.9994165935016099,0.07629372924566269,0.8453641683038744,0.0772009997016931,0.04872713942345554,0.7103,0.6796,0.6474,0.6177,0.5822,0.5308,0.4535,0.348,0.0006,0.0006,vit_base_patch16_clip_224.laion2b_ft_in12k_in1k,Swin_V2_S,temperature_weighted,DuoWrapper,softmax_response,17.56,11.55,0.65774,ood_test
0.7711,0.768581749461971,0.00033882926701474605,0.9994165935016099,0.07629372924566269,0.8363928820288673,0.08194115511379416,0.053467294835556595,0.7082,0.6812,0.6476,0.6105,0.5734,0.5228,0.4153,0.017,0.0006,0.0006,vit_base_patch16_clip_224.laion2b_ft_in12k_in1k,Swin_V2_S,temperature_weighted,DuoWrapper,entropy,17.56,11.55,0.65774,ood_test
0.7601,0.7568761636533456,0.00034452877231131454,1.0157415015040006,0.05971096083521843,0.8519752808901265,0.07838410400773183,0.046971549309911285,0.6932,0.6661,0.6371,0.6083,0.5652,0.5185,0.4608,0.3612,0.0054,0.0042,vit_base_patch16_clip_224.laion2b_ft_in12k_in1k,Swin_V2_T,logit_average,DuoWrapper,softmax_response,17.56,5.94,0.33827,ood_test
0.7601,0.7568761636533456,0.00034452877231131454,1.0157415015040006,0.05971096083521843,0.8401317996430889,0.0833344351153991,0.051921880417578566,0.6848,0.6546,0.6258,0.5886,0.5622,0.5082,0.4152,0.2189,0.0054,0.0029,vit_base_patch16_clip_224.laion2b_ft_in12k_in1k,Swin_V2_T,logit_average,DuoWrapper,entropy,17.56,5.94,0.33827,ood_test
0.7637,0.7609964566844875,0.00034452877231131454,1.0157415015040006,0.05971096083521843,0.8464716538317614,0.0782406507416846,0.04780726326039864,0.6916,0.6659,0.6381,0.6095,0.5669,0.5185,0.4608,0.3612,0.0054,0.0042,vit_base_patch16_clip_224.laion2b_ft_in12k_in1k,Swin_V2_T,dictatorial_avguncertainty,DuoWrapper,softmax_response,17.56,5.94,0.33827,ood_test
0.7637,0.7609964566844875,0.00034452877231131454,1.0157415015040006,0.05971096083521843,0.8351405620375801,0.08306890934863997,0.05263552186735402,0.6824,0.6546,0.6267,0.5902,0.5626,0.5082,0.4152,0.2189,0.0054,0.0029,vit_base_patch16_clip_224.laion2b_ft_in12k_in1k,Swin_V2_T,dictatorial_avguncertainty,DuoWrapper,entropy,17.56,5.94,0.33827,ood_test
0.7637,0.7609964566844875,0.0003411870115055681,1.0018685871652055,0.07148344814777374,0.8529111424983976,0.07748311478403198,0.04704972730274603,0.7025,0.6749,0.6482,0.6151,0.5734,0.5305,0.4604,0.3676,0.0013,0.0013,vit_base_patch16_clip_224.laion2b_ft_in12k_in1k,Swin_V2_T,dictatorial_weighteduncertainty,DuoWrapper,softmax_response,17.56,5.94,0.33827,ood_test
0.7637,0.7609964566844875,0.0003411870115055681,1.0018685871652055,0.07148344814777374,0.842676235275942,0.08201246224599552,0.05157907476470957,0.6985,0.668,0.643,0.5996,0.5643,0.5224,0.4316,0.0211,0.0013,0.0013,vit_base_patch16_clip_224.laion2b_ft_in12k_in1k,Swin_V2_T,dictatorial_weighteduncertainty,DuoWrapper,entropy,17.56,5.94,0.33827,ood_test
0.7656,0.762477199213956,0.0003411870115055681,1.0018685871652055,0.07148344814777374,0.8505313874148096,0.07730687297483353,0.047383421403805775,0.7018,0.6747,0.6479,0.6151,0.5734,0.5305,0.4604,0.3676,0.0013,0.0013,vit_base_patch16_clip_224.laion2b_ft_in12k_in1k,Swin_V2_T,temperature_weighted,DuoWrapper,softmax_response,17.56,5.94,0.33827,ood_test
0.7656,0.762477199213956,0.0003411870115055681,1.0018685871652055,0.07148344814777374,0.840733672490469,0.0817179564059211,0.05179450483489334,0.7011,0.6678,0.6429,0.5996,0.5643,0.5224,0.4316,0.0211,0.0013,0.0013,vit_base_patch16_clip_224.laion2b_ft_in12k_in1k,Swin_V2_T,temperature_weighted,DuoWrapper,entropy,17.56,5.94,0.33827,ood_test
